# index year month day hour minute second azi_deg azi_min azi_sec pol_deg pol_min pol_sec size_deg size_min size_sec
0 0 1 1 17 38 7.46 157.0 16 35.48 -62.0 18 0.17 0.0 36 9.27
1 0 1 2 1 58 7.46 -70.0 55 58.86 17.0 28 59.83 0.0 36 6.78
2 0 1 2 10 18 7.46 67.0 57 6.97 21.0 11 58.99 0.0 36 3.21
3 0 1 2 18 38 7.46 -167.0 10 59.31 -63.0 32 54.05 0.0 35 58.57
4 0 1 3 2 58 7.46 -59.0 51 31.25 29.0 52 37.85 0.0 35 53.29
5 0 1 3 11 18 7.46 77.0 32 56.11 8.0 11 30.09 0.0 35 46.97
6 0 1 3 19 38 7.46 -137.0 20 49.98 -57.0 5 22.55 0.0 35 39.76
7 0 1 4 3 58 7.46 -45.0 31 33.53 40.0 42 8.20 0.0 35 32.04
8 0 1 4 12 18 7.46 86.0 6 48.75 -5.0 10 15.61 0.0 35 23.37
9 0 1 4 20 38 7.46 -118.0 23 48.58 -46.0 20 42.05 0.0 35 14.06
10 0 1 5 4 58 7.46 -26.0 18 12.32 48.0 42 33.35 0.0 35 4.37
11 0 1 5 13 18 7.46 94.0 37 18.81 -18.0 31 7.64 0.0 34 53.89
12 0 1 5 21 38 7.46 -105.0 52 43.63 -33.0 53 18.82 0.0 34 43.01
13 0 1 6 5 58 7.46 -2.0 16 14.87 52.0 10 36.68 0.0 34 31.89
14 0 1 6 14 18 7.46 104.0 6 14.16 -31.0 30 43.51 0.0 34 20.17
15 0 1 6 22 38 7.46 -96.0 26 31.73 -20.0 49 27.67 0.0 34 8.30
16 0 1 7 6 58 7.46 22.0 13 57.87 50.0 4 44.59 0.0 33 56.31
17 0 1 7 15 18 7.46 116.0 2 53.71 -43.0 41 15.46 0.0 33 43.91
18 0 1 7 23 38 7.46 -88.0 20 59.14 -7.0 38 36.71 0.0 33 31.60
19 0 1 8 7 58 7.46 42.0 19 14.97 43.0 20 29.75 0.0 33 19.26
20 0 1 8 16 18 7.46 132.0 58 21.55 -54.0 10 21.06 0.0 33 6.72
21 0 1 9 0 38 7.46 -80.0 34 47.85 5.0 22 31.63 0.0 32 54.45
22 0 1 9 8 58 7.46 57.0 19 23.82 33.0 46 41.23 0.0 32 42.23
23 0 1 9 17 18 7.46 158.0 9 4.33 -61.0 9 15.17 0.0 32 30.00
24 0 1 10 1 38 7.46 -72.0 19 37.70 18.0 0 14.71 0.0 32 18.18
25 0 1 10 9 58 7.46 68.0 46 35.73 22.0 44 34.40 0.0 32 6.48
26 0 1 10 18 18 7.46 -170.0 18 51.39 -62.0 2 39.23 0.0 31 54.93
27 0 1 11 2 38 7.46 -62.0 42 12.27 29.0 57 41.02 0.0 31 43.89
28 0 1 11 10 58 7.46 78.0 10 51.65 11.0 0 22.43 0.0 31 33.03
29 0 1 11 19 18 7.46 -143.0 18 34.84 -56.0 30 35.59 0.0 31 22.45
30 0 1 12 3 38 7.46 -50.0 29 5.54 40.0 47 22.79 0.0 31 12.45
31 0 1 12 11 58 7.46 86.0 36 57.19 -0.0 59 41.14 0.0 31 2.66
32 0 1 12 20 18 7.46 -125.0 6 19.65 -47.0 5 22.05 0.0 30 53.29
33 0 1 13 4 38 7.46 -33.0 59 19.53 49.0 39 10.47 0.0 30 44.51
34 0 1 13 12 58 7.46 94.0 54 46.07 -12.0 58 4.77 0.0 30 36.00
35 0 1 13 21 18 7.46 -112.0 47 5.26 -35.0 52 31.00 0.0 30 27.99
36 0 1 14 5 38 7.46 -11.0 56 5.48 55.0 8 10.68 0.0 30 20.58
37 0 1 14 13 58 7.46 103.0 52 32.83 -24.0 38 50.04 0.0 30 13.46
38 0 1 18 9 38 7.46 66.0 57 38.94 33.0 19 19.20 0.0 29 30.25
39 0 1 18 17 58 7.46 170.0 51 54.82 -56.0 39 18.32 0.0 29 29.42
40 0 1 19 2 18 7.46 -74.0 21 30.10 25.0 37 37.36 0.0 29 29.32
41 0 1 19 10 38 7.46 77.0 11 30.50 22.0 21 13.87 0.0 29 29.67
42 0 1 19 18 58 7.46 -163.0 49 57.72 -55.0 5 28.98 0.0 29 30.49
43 0 1 20 3 18 7.46 -65.0 0 2.16 37.0 23 43.59 0.0 29 32.02
44 0 1 20 11 38 7.46 85.0 57 35.08 10.0 53 23.24 0.0 29 33.97
45 0 1 20 19 58 7.46 -142.0 55 42.46 -48.0 54 16.87 0.0 29 36.42
46 0 1 21 4 18 7.46 -52.0 24 43.87 48.0 15 3.64 0.0 29 39.58
47 0 1 21 12 38 7.46 94.0 10 53.80 -0.0 44 51.50 0.0 29 43.11
48 0 1 21 20 58 7.46 -127.0 36 15.08 -39.0 45 13.80 0.0 29 47.18
49 0 1 22 5 18 7.46 -33.0 56 33.63 57.0 11 54.16 0.0 29 51.92
50 0 1 22 13 38 7.46 102.0 36 27.27 -12.0 18 8.51 0.0 29 56.99
51 0 1 22 21 58 7.46 -116.0 16 4.37 -28.0 56 24.72 0.0 30 2.64
52 0 1 23 6 18 7.46 -7.0 8 51.98 62.0 14 39.92 0.0 30 8.91
53 0 1 23 14 38 7.46 112.0 0 59.58 -23.0 29 20.41 0.0 30 15.48
54 0 1 23 22 58 7.46 -107.0 18 32.77 -17.0 11 23.76 0.0 30 22.64
55 0 1 24 7 18 7.46 23.0 22 11.12 61.0 11 8.17 0.0 30 30.36
56 0 1 24 15 38 7.46 123.0 23 35.60 -33.0 53 14.25 0.0 30 38.34
57 0 1 24 23 58 7.46 -99.0 37 11.20 -4.0 53 26.20 0.0 30 46.92
58 0 1 25 8 18 7.46 47.0 42 39.28 54.0 30 41.84 0.0 30 55.97
59 0 1 25 16 38 7.46 138.0 1 32.23 -42.0 47 10.62 0.0 31 5.25
60 0 1 26 0 58 7.46 -92.0 24 47.33 7.0 43 41.70 0.0 31 15.10
61 0 1 26 9 18 7.46 64.0 18 1.16 44.0 36 10.03 0.0 31 25.32
62 0 1 26 17 38 7.46 157.0 5 34.81 -49.0 0 22.51 0.0 31 35.73
63 0 1 27 1 58 7.46 -84.0 59 29.42 20.0 29 31.06 0.0 31 46.68
64 0 1 27 10 18 7.46 76.0 7 22.54 33.0 6 54.10 0.0 31 57.85
65 0 1 27 18 38 7.46 179.0 54 15.18 -51.0 2 55.46 0.0 32 9.17
66 0 1 28 2 58 7.46 -76.0 29 41.05 33.0 12 4.53 0.0 32 20.94
67 0 1 28 11 18 7.46 85.0 31 24.45 20.0 51 8.13 0.0 32 32.79
68 0 1 28 19 38 7.46 -157.0 29 3.22 -48.0 7 26.62 0.0 32 44.72
69 0 1 29 3 58 7.46 -65.0 28 54.41 45.0 30 49.19 0.0 32 56.98
70 0 1 29 12 18 7.46 93.0 54 29.02 8.0 13 55.95 0.0 33 9.15
71 0 1 29 20 38 7.46 -138.0 48 55.82 -40.0 58 20.40 0.0 33 21.32
72 0 1 30 4 58 7.46 -49.0 3 2.91 56.0 38 52.15 0.0 33 33.67
73 0 1 30 13 18 7.46 102.0 14 10.48 -4.0 27 14.57 0.0 33 45.72
74 0 1 30 21 38 7.46 -124.0 32 20.54 -31.0 0 13.34 0.0 33 57.68
75 0 1 31 5 58 7.46 -22.0 1 34.66 64.0 35 25.64 0.0 34 9.62
76 0 1 31 14 18 7.46 111.0 22 33.10 -16.0 54 7.80 0.0 34 21.07
77 0 1 31 22 38 7.46 -113.0 24 55.86 -19.0 19 40.72 0.0 34 32.31
78 0 2 1 6 58 7.46 15.0 7 51.49 65.0 35 29.10 0.0 34 43.29
79 0 2 1 15 18 7.46 122.0 21 53.27 -28.0 40 12.82 0.0 34 53.58
80 0 2 1 23 38 7.46 -104.0 9 32.18 -6.0 37 45.47 0.0 35 3.53
81 0 2 2 7 58 7.46 45.0 42 44.32 58.0 45 31.22 0.0 35 12.98
82 0 2 2 16 18 7.46 136.0 36 1.34 -39.0 0 5.41 0.0 35 21.56
83 0 2 3 0 38 7.46 -95.0 45 40.78 6.0 39 53.72 0.0 35 29.68
84 0 2 3 8 58 7.46 64.0 36 30.07 47.0 38 38.80 0.0 35 37.04
85 0 2 3 17 18 7.46 155.0 34 41.56 -46.0 35 18.74 0.0 35 43.40
86 0 2 4 1 38 7.46 -87.0 20 26.36 20.0 14 6.20 0.0 35 49.18
87 0 2 4 9 58 7.46 77.0 4 3.69 34.0 46 55.15 0.0 35 53.98
88 0 2 4 18 18 7.46 179.0 3 24.62 -49.0 38 5.35 0.0 35 57.71
89 0 2 5 2 38 7.46 -77.0 51 6.19 33.0 45 13.20 0.0 36 0.76
90 0 2 5 10 58 7.46 86.0 38 39.40 21.0 14 20.54 0.0 36 2.68
91 0 2 5 19 18 7.46 -157.0 8 52.88 -47.0 2 26.90 0.0 36 3.52
92 0 2 6 3 38 7.46 -65.0 34 2.93 46.0 43 50.05 0.0 36 3.63
93 0 2 6 11 58 7.46 95.0 8 20.12 7.0 32 4.84 0.0 36 2.53
94 0 2 6 20 18 7.46 -137.0 35 26.23 -39.0 38 36.27 0.0 36 0.42
95 0 2 7 4 38 7.46 -47.0 0 36.45 58.0 8 13.12 0.0 35 57.57
96 0 2 7 12 58 7.46 103.0 39 17.72 -5.0 57 58.04 0.0 35 53.51
97 0 2 7 21 18 7.46 -122.0 55 30.04 -29.0 12 48.98 0.0 35 48.59
98 0 2 8 5 38 7.46 -16.0 36 20.75 65.0 27 38.33 0.0 35 42.97
99 0 2 8 13 58 7.46 113.0 8 17.99 -18.0 53 8.43 0.0 35 36.23
100 0 2 8 22 18 7.46 -111.0 43 43.48 -17.0 7 58.97 0.0 35 28.82
101 0 2 9 6 38 7.46 21.0 36 14.43 64.0 52 8.15 0.0 35 20.79
102 0 2 9 14 58 7.46 124.0 40 46.88 -30.0 42 13.27 0.0 35 11.80
103 0 2 9 23 18 7.46 -102.0 34 7.81 -4.0 13 22.51 0.0 35 2.36
104 0 2 10 7 38 7.46 49.0 53 19.87 56.0 56 48.19 0.0 34 52.40
105 0 2 10 15 58 7.46 139.0 37 53.91 -40.0 35 21.95 0.0 34 41.69
106 0 2 11 0 18 7.46 -94.0 22 50.58 9.0 2 9.32 0.0 34 30.76
107 0 2 11 8 38 7.46 67.0 6 43.08 45.0 39 41.94 0.0 34 19.42
108 0 2 11 16 58 7.46 159.0 4 40.50 -47.0 14 44.60 0.0 34 7.57
109 0 2 12 1 18 7.46 -86.0 17 33.39 22.0 19 28.36 0.0 33 55.70
110 0 2 12 9 38 7.46 78.0 45 57.89 33.0 12 40.82 0.0 33 43.55
111 0 2 12 17 58 7.46 -178.0 6 39.33 -49.0 12 0.05 0.0 33 31.12
112 0 2 13 2 18 7.46 -77.0 20 32.60 35.0 21 55.72 0.0 33 18.85
113 0 2 13 10 38 7.46 87.0 56 42.16 20.0 27 58.81 0.0 33 6.40
114 0 2 13 18 58 7.46 -156.0 11 51.94 -45.0 59 10.57 0.0 32 53.91
115 0 2 14 3 18 7.46 -66.0 1 32.72 47.0 47 27.90 0.0 32 41.70
116 0 2 14 11 38 7.46 96.0 11 11.46 7.0 50 15.11 0.0 32 29.43
117 0 2 14 19 58 7.46 -138.0 34 14.98 -38.0 43 12.85 0.0 32 17.30
118 0 2 15 4 18 7.46 -49.0 21 58.88 58.0 51 44.34 0.0 32 5.56
119 0 2 15 12 38 7.46 104.0 25 20.61 -4.0 23 57.14 0.0 31 53.85
120 0 2 15 20 58 7.46 -125.0 19 20.52 -28.0 57 55.47 0.0 31 42.45
121 0 2 16 5 18 7.46 -21.0 57 8.43 66.0 43 39.75 0.0 31 31.49
122 0 2 16 13 38 7.46 113.0 24 33.58 -15.0 58 3.59 0.0 31 20.66
123 0 2 16 21 58 7.46 -115.0 10 39.82 -17.0 50 17.22 0.0 31 10.27
124 0 2 17 6 18 7.46 15.0 58 35.37 67.0 56 35.14 0.0 31 0.35
125 0 2 17 14 38 7.46 123.0 56 2.78 -26.0 29 52.45 0.0 30 50.62
126 0 2 17 22 58 7.46 -106.0 57 7.96 -5.0 58 50.92 0.0 30 41.45
127 0 2 18 7 18 7.46 46.0 57 54.60 61.0 53 3.10 0.0 30 32.75
128 0 2 18 15 38 7.46 136.0 51 59.75 -35.0 25 43.31 0.0 30 24.32
129 0 2 18 23 58 7.46 -99.0 47 16.13 6.0 14 48.53 0.0 30 16.51
130 0 2 19 8 18 7.46 65.0 51 27.32 52.0 4 57.83 0.0 30 9.17
131 0 2 19 16 38 7.46 152.0 53 42.08 -41.0 55 50.85 0.0 30 2.17
132 0 2 20 0 58 7.46 -93.0 1 40.00 18.0 37 42.46 0.0 29 55.83
133 0 2 20 9 18 7.46 78.0 9 45.22 40.0 54 31.77 0.0 29 49.95
134 0 2 20 17 38 7.46 171.0 40 34.05 -45.0 1 7.97 0.0 29 44.45
135 0 2 21 1 58 7.46 -86.0 2 14.05 31.0 0 27.77 0.0 29 39.66
136 0 2 21 10 18 7.46 87.0 27 14.84 29.0 17 31.22 0.0 29 35.30
137 0 2 21 18 38 7.46 -168.0 55 9.80 -44.0 4 20.22 0.0 29 31.38
138 0 2 22 2 58 7.46 -77.0 57 4.80 43.0 13 19.72 0.0 29 28.17
139 0 2 22 11 18 7.46 95.0 27 13.07 17.0 38 1.45 0.0 29 25.37
140 0 2 22 19 38 7.46 -151.0 34 52.71 -39.0 22 22.03 0.0 29 23.06
141 0 2 23 3 58 7.46 -67.0 7 32.46 54.0 59 54.13 0.0 29 21.46
142 0 2 23 12 18 7.46 103.0 6 25.29 6.0 10 16.88 0.0 29 20.24
143 0 2 23 20 38 7.46 -137.0 30 21.56 -31.0 51 41.60 0.0 29 19.57
144 0 2 24 4 58 7.46 -49.0 34 10.09 65.0 38 12.68 0.0 29 19.58
145 0 2 24 13 18 7.46 111.0 4 41.47 -4.0 53 10.89 0.0 29 19.96
146 0 2 24 21 38 7.46 -126.0 23 2.75 -22.0 29 38.41 0.0 29 20.92
147 0 2 25 5 58 7.46 -16.0 9 54.12 72.0 51 36.98 0.0 29 22.54
148 0 2 25 14 18 7.46 119.0 58 11.81 -15.0 17 6.91 0.0 29 24.51
149 0 2 25 22 38 7.46 -117.0 24 58.41 -11.0 56 51.73 0.0 29 27.10
150 0 2 26 6 58 7.46 29.0 48 28.83 71.0 58 58.61 0.0 29 30.30
151 0 2 26 15 18 7.46 130.0 25 27.20 -24.0 39 32.79 0.0 29 33.85
152 0 2 26 23 38 7.46 -109.0 51 20.51 -0.0 38 37.47 0.0 29 38.04
153 0 2 27 7 58 7.46 59.0 27 26.18 63.0 50 52.19 0.0 29 42.79
154 0 2 27 16 18 7.46 143.0 5 48.09 -32.0 27 31.78 0.0 29 47.88
155 0 2 28 0 38 7.46 -103.0 6 5.24 11.0 9 43.40 0.0 29 53.62
156 0 2 28 8 58 7.46 75.0 22 19.21 53.0 0 33.77 0.0 29 59.86
157 0 2 28 17 18 7.46 158.0 22 22.28 -37.0 55 8.56 0.0 30 6.43
158 0 2 29 1 38 7.46 -96.0 37 43.40 23.0 18 21.12 0.0 30 13.66
159 0 2 29 9 58 7.46 85.0 43 59.07 41.0 17 44.52 0.0 30 21.30
160 0 2 29 18 18 7.46 175.0 44 51.74 -40.0 11 48.54 0.0 30 29.28
161 0 3 1 2 38 7.46 -89.0 50 59.94 35.0 39 47.22 0.0 30 37.89
162 0 3 1 10 58 7.46 93.0 53 12.49 29.0 17 25.90 0.0 30 46.82
163 0 3 1 19 18 7.46 -166.0 30 42.17 -38.0 47 4.30 0.0 30 56.07
164 0 3 2 3 38 7.46 -81.0 49 42.89 48.0 5 38.25 0.0 31 5.91
165 0 3 2 11 58 7.46 101.0 16 46.50 17.0 15 23.85 0.0 31 15.96
166 0 3 2 20 18 7.46 -150.0 24 45.90 -33.0 52 14.05 0.0 31 26.33
167 0 3 3 4 38 7.46 -70.0 25 18.24 60.0 19 25.80 0.0 31 37.18
168 0 3 3 12 58 7.46 108.0 44 2.72 5.0 23 24.24 0.0 31 48.15
169 0 3 3 21 18 7.46 -136.0 55 6.73 -26.0 10 1.23 0.0 31 59.38
170 0 3 4 5 38 7.46 -48.0 50 21.48 71.0 26 9.48 0.0 32 11.00
171 0 3 4 13 58 7.46 116.0 54 1.30 -6.0 4 48.83 0.0 32 22.59
172 0 3 4 22 18 7.46 -125.0 53 12.29 -16.0 27 25.66 0.0 32 34.39
173 0 3 5 6 38 7.46 1.0 22 43.64 77.0 11 3.86 0.0 32 46.42
174 0 3 5 14 58 7.46 126.0 27 2.66 -16.0 48 59.62 0.0 32 58.28
175 0 3 5 23 18 7.46 -116.0 42 51.64 -5.0 20 58.90 0.0 33 10.27
176 0 3 6 7 38 7.46 51.0 35 1.05 71.0 11 46.58 0.0 33 22.29
177 0 3 6 15 58 7.46 138.0 9 0.63 -26.0 16 56.68 0.0 33 33.99
178 0 3 7 0 18 7.46 -108.0 45 1.23 6.0 44 14.46 0.0 33 45.71
179 0 3 7 8 38 7.46 73.0 19 38.44 59.0 36 46.85 0.0 33 57.23
180 0 3 7 16 58 7.46 152.0 42 39.11 -33.0 38 59.70 0.0 34 8.28
181 0 3 8 1 18 7.46 -101.0 23 8.92 19.0 30 57.07 0.0 34 19.20
182 0 3 8 9 38 7.46 85.0 5 8.92 46.0 39 21.20 0.0 34 29.69
183 0 3 8 17 58 7.46 170.0 11 7.29 -37.0 49 43.93 0.0 34 39.54
184 0 3 9 2 18 7.46 -93.0 57 45.47 32.0 45 44.58 0.0 34 49.12
185 0 3 9 10 38 7.46 93.0 40 12.16 33.0 17 45.07 0.0 34 58.00
186 0 3 9 18 58 7.46 -170.0 53 7.34 -37.0 52 13.09 0.0 35 6.12
187 0 3 10 3 18 7.46 -85.0 29 9.16 46.0 15 4.92 0.0 35 13.79
188 0 3 10 11 38 7.46 101.0 17 14.19 19.0 54 0.88 0.0 35 20.55
189 0 3 10 19 58 7.46 -153.0 2 49.92 -33.0 38 0.58 0.0 35 26.45
191 0 3 11 12 38 7.46 108.0 58 57.09 6.0 44 42.38 0.0 35 35.92
192 0 3 11 20 58 7.46 -138.0 0 32.16 -25.0 53 8.28 0.0 35 39.21
193 0 3 12 5 18 7.46 -50.0 52 53.04 71.0 48 56.38 0.0 35 41.75
194 0 3 12 13 38 7.46 117.0 30 28.85 -5.0 50 54.33 0.0 35 43.08
195 0 3 12 21 58 7.46 -125.0 54 7.82 -15.0 41 46.82 0.0 35 43.52
196 0 3 13 6 18 7.46 5.0 33 30.22 77.0 34 58.79 0.0 35 43.13
197 0 3 13 14 38 7.46 127.0 36 39.81 -17.0 25 49.76 0.0 35 41.50
198 0 3 13 22 58 7.46 -116.0 3 25.41 -3.0 57 23.26 0.0 35 39.06
199 0 3 14 7 18 7.46 55.0 47 31.05 70.0 3 48.79 0.0 35 35.75
200 0 3 14 15 38 7.46 140.0 5 53.02 -27.0 20 3.30 0.0 35 31.27
201 0 3 14 23 58 7.46 -107.0 41 7.97 8.0 42 48.33 0.0 35 26.10
202 0 3 15 8 18 7.46 75.0 46 6.77 57.0 33 21.19 0.0 35 20.09
203 0 3 15 16 38 7.46 155.0 34 55.78 -34.0 36 53.46 0.0 35 13.05
204 0 3 16 0 58 7.46 -100.0 4 6.36 21.0 53 36.53 0.0 35 5.48
205 0 3 16 9 18 7.46 86.0 48 48.91 44.0 10 50.08 0.0 34 57.14
206 0 3 16 17 38 7.46 173.0 42 30.16 -38.0 11 29.59 0.0 34 47.99
207 0 3 17 1 58 7.46 -92.0 28 6.55 35.0 16 51.05 0.0 34 38.48
208 0 3 17 10 18 7.46 95.0 6 25.14 30.0 47 57.70 0.0 34 28.31
209 0 3 17 18 38 7.46 -167.0 30 36.78 -37.0 24 7.32 0.0 34 17.57
210 0 3 18 2 58 7.46 -83.0 49 15.60 48.0 36 37.89 0.0 34 6.65
211 0 3 18 11 18 7.46 102.0 35 2.05 17.0 44 39.76 0.0 33 55.22
212 0 3 18 19 38 7.46 -150.0 36 4.36 -32.0 33 25.38 0.0 33 43.45
213 0 3 19 3 58 7.46 -71.0 45 25.76 61.0 31 3.30 0.0 33 31.66
214 0 3 19 12 18 7.46 110.0 9 7.81 5.0 15 9.96 0.0 33 19.51
215 0 3 19 20 38 7.46 -136.0 45 47.94 -24.0 41 28.24 0.0 33 7.26
216 0 3 20 4 58 7.46 -48.0 24 48.70 72.0 58 0.07 0.0 32 55.12
217 0 3 20 13 18 7.46 118.0 26 34.50 -6.0 25 19.83 0.0 32 42.77
218 0 3 20 21 38 7.46 -125.0 46 30.02 -14.0 52 44.23 0.0 32 30.53
219 0 3 21 5 58 7.46 7.0 20 28.21 78.0 5 39.76 0.0 32 18.49
220 0 3 21 14 18 7.46 128.0 2 17.79 -16.0 56 54.18 0.0 32 6.38
221 0 3 21 22 38 7.46 -116.0 54 12.27 -3.0 54 6.97 0.0 31 54.57
222 0 3 22 6 58 7.46 55.0 51 43.46 71.0 14 33.64 0.0 31 43.02
223 0 3 22 15 18 7.46 139.0 30 23.21 -25.0 51 33.77 0.0 31 31.53
224 0 3 22 23 38 7.46 -109.0 26 0.08 7.0 44 37.15 0.0 31 20.48
225 0 3 23 7 58 7.46 75.0 33 8.49 59.0 58 11.86 0.0 31 9.74
226 0 3 23 16 18 7.46 153.0 14 2.70 -32.0 31 35.82 0.0 30 59.16
227 0 3 24 0 38 7.46 -102.0 46 23.36 19.0 45 8.09 0.0 30 49.13
228 0 3 24 8 58 7.46 86.0 21 41.27 47.0 56 7.55 0.0 30 39.43
229 0 3 24 17 18 7.46 168.0 59 57.28 -36.0 14 45.31 0.0 30 30.00
230 0 3 25 1 38 7.46 -96.0 23 20.32 31.0 55 44.29 0.0 30 21.18
231 0 3 25 9 58 7.46 94.0 17 14.64 35.0 52 59.43 0.0 30 12.71
232 0 3 25 18 18 7.46 -174.0 24 12.22 -36.0 31 38.85 0.0 30 4.60
233 0 3 26 2 38 7.46 -89.0 38 44.86 44.0 7 54.73 0.0 29 57.12
234 0 3 26 10 58 7.46 101.0 12 47.91 24.0 3 36.24 0.0 29 50.01
235 0 3 26 19 18 7.46 -158.0 43 15.42 -33.0 25 37.76 0.0 29 43.34
236 0 3 27 3 38 7.46 -81.0 25 6.93 56.0 12 45.38 0.0 29 37.32
237 0 3 27 11 58 7.46 107.0 58 49.47 12.0 36 56.64 0.0 29 31.65
238 0 3 27 20 18 7.46 -145.0 9 27.46 -27.0 31 40.83 0.0 29 26.50
239 0 3 28 4 38 7.46 -68.0 40 14.65 67.0 52 14.48 0.0 29 21.99
240 0 3 28 12 58 7.46 115.0 7 16.59 1.0 41 58.73 0.0 29 17.85
241 0 3 28 21 18 7.46 -133.0 56 36.97 -19.0 35 15.69 0.0 29 14.26
242 0 3 29 5 38 7.46 -39.0 2 48.74 77.0 49 12.33 0.0 29 11.31
243 0 3 29 13 58 7.46 123.0 5 27.59 -8.0 29 32.19 0.0 29 8.72
244 0 3 29 22 18 7.46 -124.0 43 4.85 -10.0 15 4.92 0.0 29 6.74
245 0 3 30 6 38 7.46 29.0 22 20.61 79.0 15 55.78 0.0 29 5.36
246 0 3 30 14 58 7.46 132.0 20 55.71 -17.0 40 36.26 0.0 29 4.35
247 0 3 30 23 18 7.46 -116.0 57 51.97 0.0 1 32.09 0.0 29 3.98
248 0 3 31 7 38 7.46 66.0 46 25.98 70.0 20 20.90 0.0 29 4.19
249 0 3 31 15 58 7.46 143.0 20 37.45 -25.0 26 31.40 0.0 29 4.77
250 0 4 1 0 18 7.46 -110.0 11 59.08 10.0 56 44.00 0.0 29 6.02
251 0 4 1 8 38 7.46 81.0 25 28.87 59.0 3 41.74 0.0 29 7.80
252 0 4 1 16 58 7.46 156.0 21 31.37 -31.0 13 50.15 0.0 29 9.97
253 0 4 2 1 18 7.46 -103.0 59 46.66 22.0 19 1.08 0.0 29 12.81
254 0 4 2 9 38 7.46 90.0 13 54.07 47.0 20 11.25 0.0 29 16.14
255 0 4 2 17 58 7.46 171.0 10 47.99 -34.0 24 37.59 0.0 29 19.87
256 0 4 3 2 18 7.46 -97.0 55 24.07 34.0 0 40.25 0.0 29 24.29
257 0 4 3 10 38 7.46 97.0 9 5.25 35.0 32 39.81 0.0 29 29.13
258 0 4 3 18 58 7.46 -173.0 10 27.81 -34.0 29 57.28 0.0 29 34.39
259 0 4 4 3 18 7.46 -91.0 24 8.05 45.0 55 36.50 0.0 29 40.31
260 0 4 4 11 38 7.46 103.0 30 44.58 23.0 50 24.63 0.0 29 46.61
261 0 4 4 19 58 7.46 -158.0 8 48.07 -31.0 25 54.68 0.0 29 53.34
262 0 4 5 4 18 7.46 -83.0 17 24.01 57.0 56 30.73 0.0 30 0.70
263 0 4 5 12 38 7.46 109.0 58 57.90 12.0 20 59.72 0.0 30 8.36
264 0 4 5 20 58 7.46 -144.0 49 52.87 -25.0 35 34.29 0.0 30 16.47
265 0 4 6 5 18 7.46 -70.0 7 13.16 69.0 45 39.67 0.0 30 25.14
266 0 4 6 13 38 7.46 117.0 3 21.93 1.0 13 59.98 0.0 30 34.06
267 0 4 6 21 58 7.46 -133.0 33 12.99 -17.0 34 36.25 0.0 30 43.40
268 0 4 7 6 18 7.46 -34.0 47 23.10 79.0 47 0.48 0.0 30 53.24
269 0 4 7 14 38 7.46 125.0 13 19.25 -9.0 16 11.14 0.0 31 3.23
270 0 4 7 22 58 7.46 -124.0 5 0.66 -7.0 56 36.72 0.0 31 13.63
271 0 4 8 7 18 7.46 42.0 38 1.62 78.0 45 58.89 0.0 31 24.42
272 0 4 8 15 38 7.46 135.0 1 56.20 -18.0 46 58.64 0.0 31 35.27
273 0 4 8 23 58 7.46 -115.0 58 58.19 2.0 52 40.71 0.0 31 46.48
274 0 4 9 8 18 7.46 73.0 3 9.85 67.0 55 56.61 0.0 31 57.93
275 0 4 9 16 38 7.46 147.0 3 26.35 -26.0 43 38.79 0.0 32 9.35
276 0 4 10 0 58 7.46 -108.0 47 11.36 14.0 35 3.50 0.0 32 21.05
277 0 4 10 9 18 7.46 85.0 26 16.67 55.0 25 42.18 0.0 32 32.82
278 0 4 10 17 38 7.46 161.0 36 51.03 -32.0 17 39.63 0.0 32 44.45
279 0 4 11 1 58 7.46 -102.0 1 34.73 26.0 57 31.56 0.0 32 56.25
280 0 4 11 10 18 7.46 93.0 38 5.94 42.0 31 43.89 0.0 33 7.90
281 0 4 11 18 38 7.46 178.0 12 35.77 -34.0 35 21.49 0.0 33 19.30
282 0 4 12 2 58 7.46 -95.0 8 3.46 39.0 49 47.82 0.0 33 30.73
283 0 4 12 11 18 7.46 100.0 38 31.84 29.0 32 43.06 0.0 33 41.79
284 0 4 12 19 38 7.46 -164.0 45 22.68 -33.0 2 53.02 0.0 33 52.46
285 0 4 13 3 58 7.46 -87.0 6 56.03 53.0 1 20.70 0.0 34 2.99
286 0 4 13 12 18 7.46 107.0 34 1.95 16.0 40 54.27 0.0 34 12.92
287 0 4 13 20 38 7.46 -149.0 10 4.73 -27.0 48 53.02 0.0 34 22.34
288 0 4 14 4 58 7.46 -75.0 11 48.83 66.0 13 59.41 0.0 34 31.41
289 0 4 14 13 18 7.46 115.0 4 48.05 4.0 10 29.80 0.0 34 39.67
290 0 4 14 21 38 7.46 -135.0 59 52.43 -19.0 36 23.06 0.0 34 47.31
291 0 4 15 5 58 7.46 -45.0 44 51.10 78.0 11 47.88 0.0 34 54.40
292 0 4 15 14 18 7.46 123.0 47 5.01 -7.0 38 20.19 0.0 35 0.48
293 0 4 15 22 38 7.46 -125.0 11 3.70 -9.0 16 2.33 0.0 35 5.87
294 0 4 16 6 58 7.46 37.0 5 18.73 79.0 29 36.23 0.0 35 10.51
295 0 4 16 15 18 7.46 134.0 20 17.88 -18.0 15 21.65 0.0 35 14.03
296 0 4 16 23 38 7.46 -116.0 11 27.23 2.0 30 17.99 0.0 35 16.80
297 0 4 17 7 58 7.46 72.0 56 32.34 67.0 56 17.29 0.0 35 18.69
298 0 4 17 16 18 7.46 147.0 23 14.50 -26.0 56 3.87 0.0 35 19.39
299 0 4 18 0 38 7.46 -108.0 24 2.62 15.0 12 8.64 0.0 35 19.35
300 0 4 18 8 58 7.46 86.0 6 45.50 54.0 26 23.95 0.0 35 18.33
301 0 4 18 17 18 7.46 163.0 10 27.47 -32.0 42 0.31 0.0 35 16.17
302 0 4 19 1 38 7.46 -101.0 12 36.36 28.0 27 33.96 0.0 35 13.30
303 0 4 19 9 58 7.46 94.0 36 55.02 40.0 44 53.01 0.0 35 9.44
304 0 4 19 18 18 7.46 -179.0 10 18.36 -34.0 36 57.55 0.0 35 4.54
305 0 4 20 2 38 7.46 -93.0 55 2.57 41.0 59 45.23 0.0 34 59.04
306 0 4 20 10 58 7.46 101.0 50 45.58 27.0 15 40.38 0.0 34 52.58
307 0 4 20 19 18 7.46 -161.0 43 25.08 -32.0 20 34.40 0.0 34 45.28
308 0 4 21 3 38 7.46 -85.0 18 5.89 55.0 33 9.07 0.0 34 37.49
309 0 4 21 11 58 7.46 108.0 57 41.76 14.0 13 25.55 0.0 34 28.84
310 0 4 21 20 18 7.46 -146.0 24 32.05 -26.0 25 13.45 0.0 34 19.58
312 0 4 22 12 58 7.46 116.0 36 53.58 1.0 52 48.74 0.0 33 59.63
313 0 4 22 21 18 7.46 -133.0 51 48.30 -17.0 51 25.94 0.0 33 48.93
314 0 4 23 5 38 7.46 -35.0 2 48.57 79.0 43 38.73 0.0 33 38.01
315 0 4 23 13 58 7.46 125.0 20 59.56 -9.0 28 0.08 0.0 33 26.56
316 0 4 23 22 18 7.46 -123.0 43 53.63 -7.0 35 40.29 0.0 33 14.97
317 0 4 24 6 38 7.46 45.0 12 15.57 78.0 16 12.35 0.0 33 3.28
318 0 4 24 14 58 7.46 135.0 42 18.68 -19.0 24 23.65 0.0 32 51.24
319 0 4 24 23 18 7.46 -115.0 21 26.49 3.0 41 33.90 0.0 32 39.27
320 0 4 25 7 38 7.46 74.0 12 58.51 66.0 54 19.40 0.0 32 27.32
321 0 4 25 15 58 7.46 148.0 8 50.85 -27.0 22 52.93 0.0 32 15.19
322 0 4 26 0 18 7.46 -108.0 6 48.45 15.0 34 1.76 0.0 32 3.32
323 0 4 26 8 38 7.46 86.0 1 57.89 54.0 20 15.07 0.0 31 51.53
324 0 4 26 16 58 7.46 162.0 46 42.61 -32.0 42 31.97 0.0 31 39.75
325 0 4 27 1 18 7.46 -101.0 26 25.09 27.0 44 59.28 0.0 31 28.35
326 0 4 27 9 38 7.46 93.0 51 9.31 41.0 45 27.72 0.0 31 17.11
327 0 4 27 17 58 7.46 178.0 53 44.77 -34.0 46 12.69 0.0 31 6.02
328 0 4 28 2 18 7.46 -94.0 44 40.08 40.0 3 9.59 0.0 30 55.41
329 0 4 28 10 38 7.46 100.0 26 21.42 29.0 25 28.05 0.0 30 45.01
330 0 4 28 18 58 7.46 -165.0 1 24.18 -33.0 20 50.95 0.0 30 34.89
331 0 4 29 3 18 7.46 -87.0 7 35.29 52.0 19 8.52 0.0 30 25.31
332 0 4 29 11 38 7.46 106.0 46 31.25 17.0 28 3.35 0.0 30 15.98
333 0 4 29 19 58 7.46 -150.0 29 2.59 -28.0 47 52.59 0.0 30 7.04
334 0 4 30 4 18 7.46 -76.0 28 43.81 64.0 19 23.83 0.0 29 58.67
335 0 4 30 12 38 7.46 113.0 24 12.88 6.0 0 31.00 0.0 29 50.59
336 0 4 30 20 58 7.46 -138.0 9 32.06 -21.0 49 55.09 0.0 29 42.98
337 0 5 1 5 18 7.46 -55.0 0 41.17 75.0 19 37.18 0.0 29 35.96
338 0 5 1 13 38 7.46 120.0 45 36.80 -4.0 47 39.05 0.0 29 29.24
339 0 5 1 21 58 7.46 -127.0 55 58.46 -13.0 10 0.89 0.0 29 23.07
340 0 5 2 6 18 7.46 6.0 17 45.61 80.0 41 55.61 0.0 29 17.49
341 0 5 2 14 38 7.46 129.0 17 23.30 -14.0 42 27.80 0.0 29 12.23
342 0 5 2 22 58 7.46 -119.0 20 52.30 -3.0 21 16.70 0.0 29 7.58
343 0 5 3 7 18 7.46 58.0 36 6.07 73.0 34 49.00 0.0 29 3.48
344 0 5 3 15 38 7.46 139.0 28 9.59 -23.0 22 52.14 0.0 28 59.75
345 0 5 3 23 58 7.46 -111.0 53 43.84 7.0 13 40.95 0.0 28 56.65
346 0 5 4 8 18 7.46 76.0 42 56.35 62.0 25 59.00 0.0 28 54.09
347 0 5 4 16 38 7.46 151.0 43 1.76 -30.0 18 30.27 0.0 28 51.91
348 0 5 5 0 58 7.46 -105.0 6 5.30 18.0 19 56.41 0.0 28 50.40
349 0 5 5 9 18 7.46 86.0 20 29.00 50.0 36 41.21 0.0 28 49.39
350 0 5 5 17 38 7.46 166.0 6 26.73 -34.0 50 51.28 0.0 28 48.78
351 0 5 6 1 58 7.46 -98.0 29 25.27 29.0 47 15.64 0.0 28 48.87
352 0 5 6 10 18 7.46 93.0 24 21.90 38.0 39 32.49 0.0 28 49.41
353 0 5 6 18 38 7.46 -178.0 2 13.01 -36.0 23 15.13 0.0 28 50.39
354 0 5 7 2 58 7.46 -91.0 27 30.58 41.0 27 27.61 0.0 28 52.06
355 0 5 7 11 18 7.46 99.0 37 36.42 26.0 44 48.80 0.0 28 54.16
356 0 5 7 19 38 7.46 -162.0 9 24.51 -34.0 39 20.48 0.0 28 56.71
357 0 5 8 3 58 7.46 -82.0 56 19.44 53.0 11 3.84 0.0 28 59.95
358 0 5 8 12 18 7.46 105.0 45 49.13 14.0 59 8.75 0.0 29 3.56
360 0 5 9 4 58 7.46 -70.0 15 58.88 64.0 38 41.42 0.0 29 12.43
361 0 5 9 13 18 7.46 112.0 19 11.39 3.0 30 1.03 0.0 29 17.54
362 0 5 9 21 38 7.46 -135.0 18 22.75 -22.0 42 7.52 0.0 29 23.16
363 0 5 10 5 58 7.46 -44.0 20 16.95 74.0 39 39.90 0.0 29 29.38
364 0 5 10 14 18 7.46 119.0 46 3.75 -7.0 31 41.17 0.0 29 35.91
365 0 5 10 22 38 7.46 -124.0 54 57.73 -13.0 42 21.21 0.0 29 42.97
366 0 5 11 6 58 7.46 13.0 4 36.25 77.0 53 42.72 0.0 29 50.57
367 0 5 11 15 18 7.46 128.0 39 13.76 -17.0 48 40.59 0.0 29 58.44
368 0 5 11 23 38 7.46 -116.0 4 33.50 -3.0 24 58.95 0.0 30 6.83
369 0 5 12 7 58 7.46 56.0 6 10.85 70.0 17 19.14 0.0 30 15.69
370 0 5 12 16 18 7.46 139.0 37 54.48 -26.0 53 4.21 0.0 30 24.76
371 0 5 13 0 38 7.46 -108.0 15 55.74 7.0 48 15.53 0.0 30 34.35
372 0 5 13 8 58 7.46 74.0 12 26.64 58.0 50 24.85 0.0 30 44.29
373 0 5 13 17 18 7.46 153.0 19 46.97 -34.0 1 48.95 0.0 30 54.39
374 0 5 14 1 38 7.46 -100.0 57 36.37 19.0 42 6.04 0.0 31 4.97
375 0 5 14 9 58 7.46 84.0 37 59.70 46.0 24 44.19 0.0 31 15.77
376 0 5 14 18 18 7.46 169.0 50 40.56 -38.0 17 31.59 0.0 31 26.67
377 0 5 15 2 38 7.46 -93.0 33 52.52 32.0 4 46.77 0.0 31 37.97
378 0 5 15 10 58 7.46 92.0 31 53.19 33.0 38 41.92 0.0 31 49.34
379 0 5 15 19 18 7.46 -172.0 0 37.48 -38.0 46 53.93 0.0 32 0.74
380 0 5 16 3 38 7.46 -85.0 10 46.36 44.0 44 35.20 0.0 32 12.43
381 0 5 16 11 58 7.46 99.0 39 14.79 20.0 47 34.33 0.0 32 24.01
382 0 5 16 20 18 7.46 -154.0 30 52.69 -35.0 14 31.32 0.0 32 35.52
383 0 5 17 4 38 7.46 -73.0 52 35.33 57.0 23 1.11 0.0 32 47.18
384 0 5 17 12 58 7.46 106.0 52 55.09 8.0 3 18.29 0.0 32 58.53
385 0 5 17 21 18 7.46 -139.0 25 56.93 -28.0 13 45.95 0.0 33 9.73
386 0 5 18 5 38 7.46 -53.0 52 9.98 69.0 8 31.08 0.0 33 20.87
387 0 5 18 13 58 7.46 114.0 53 7.92 -4.0 19 20.74 0.0 33 31.51
388 0 5 18 22 18 7.46 -127.0 6 37.24 -18.0 39 31.05 0.0 33 41.87
389 0 5 19 6 38 7.46 -7.0 58 10.87 76.0 16 56.38 0.0 33 51.97
390 0 5 19 14 58 7.46 124.0 22 18.89 -15.0 58 12.42 0.0 34 1.37
392 0 5 20 7 38 7.46 45.0 45 46.49 71.0 30 2.57 0.0 34 18.89
393 0 5 20 15 58 7.46 136.0 10 56.26 -26.0 17 51.54 0.0 34 26.52
394 0 5 21 0 18 7.46 -108.0 25 0.11 5.0 6 48.31 0.0 34 33.65
395 0 5 21 8 38 7.46 70.0 15 46.72 59.0 52 17.71 0.0 34 40.06
396 0 5 21 16 58 7.46 151.0 8 59.69 -34.0 23 9.03 0.0 34 45.47
397 0 5 22 1 18 7.46 -100.0 35 12.48 18.0 18 23.76 0.0 34 50.28
398 0 5 22 9 38 7.46 83.0 4 58.00 46.0 35 20.95 0.0 34 54.17
399 0 5 22 17 58 7.46 169.0 23 9.25 -39.0 0 50.50 0.0 34 57.00
400 0 5 23 2 18 7.46 -92.0 46 25.87 31.0 54 56.67 0.0 34 59.15
401 0 5 23 10 38 7.46 92.0 11 36.45 32.0 54 52.16 0.0 35 0.26
402 0 5 23 18 58 7.46 -170.0 48 9.96 -39.0 8 56.32 0.0 35 0.31
403 0 5 24 3 18 7.46 -83.0 53 6.83 45.0 38 27.43 0.0 34 59.66
404 0 5 24 11 38 7.46 100.0 6 50.20 19.0 17 46.22 0.0 34 57.90
405 0 5 24 19 58 7.46 -152.0 22 9.96 -34.0 45 2.05 0.0 34 55.17
406 0 5 25 4 18 7.46 -71.0 32 10.87 59.0 2 58.30 0.0 34 51.75
407 0 5 25 12 38 7.46 107.0 58 33.53 6.0 2 0.45 0.0 34 47.24
408 0 5 25 20 58 7.46 -137.0 7 37.08 -26.0 48 33.12 0.0 34 41.90
409 0 5 26 5 18 7.46 -48.0 12 31.93 70.0 57 54.00 0.0 34 35.93
410 0 5 26 13 38 7.46 116.0 32 42.93 -6.0 33 56.04 0.0 34 28.97
411 0 5 26 21 58 7.46 -125.0 2 23.14 -16.0 33 17.06 0.0 34 21.37
412 0 5 27 6 18 7.46 4.0 32 0.49 76.0 24 24.60 0.0 34 13.23
413 0 5 27 14 38 7.46 126.0 32 48.36 -18.0 6 7.95 0.0 34 4.25
414 0 5 27 22 58 7.46 -115.0 16 32.85 -4.0 55 55.21 0.0 33 54.84
415 0 5 28 7 18 7.46 52.0 20 9.94 69.0 33 0.72 0.0 33 45.02
416 0 5 28 15 38 7.46 138.0 45 10.41 -28.0 0 23.64 0.0 33 34.53
417 0 5 28 23 58 7.46 -106.0 57 34.83 7.0 26 43.74 0.0 33 23.85
418 0 5 29 8 18 7.46 72.0 50 56.01 57.0 38 27.68 0.0 33 12.86
419 0 5 29 16 38 7.46 153.0 47 52.28 -35.0 28 25.88 0.0 33 1.43
420 0 5 30 0 58 7.46 -99.0 19 44.68 20.0 11 16.98 0.0 32 50.00
422 0 5 30 17 38 7.46 171.0 31 40.62 -39.0 33 3.09 0.0 32 26.50
423 0 5 31 1 58 7.46 -91.0 37 24.60 33.0 1 32.72 0.0 32 14.82
424 0 5 31 10 18 7.46 92.0 18 50.13 31.0 43 2.13 0.0 32 3.03
425 0 5 31 18 38 7.46 -169.0 42 12.00 -39.0 34 6.17 0.0 31 51.22
426 0 6 1 2 58 7.46 -82.0 47 34.38 45.0 42 57.14 0.0 31 39.70
427 0 6 1 11 18 7.46 99.0 26 33.05 18.0 54 4.11 0.0 31 28.19
428 0 6 1 19 38 7.46 -152.0 19 15.66 -35.0 40 20.68 0.0 31 16.82
429 0 6 2 3 58 7.46 -70.0 44 26.96 57.0 53 48.30 0.0 31 5.85
430 0 6 2 12 18 7.46 106.0 25 47.66 6.0 27 15.75 0.0 30 54.96
431 0 6 2 20 38 7.46 -137.0 44 4.31 -28.0 43 54.51 0.0 30 44.36
432 0 6 3 4 58 7.46 -49.0 55 46.73 68.0 37 9.13 0.0 30 34.23
433 0 6 3 13 18 7.46 113.0 53 56.37 -5.0 27 24.55 0.0 30 24.24
434 0 6 3 21 38 7.46 -125.0 55 8.02 -19.0 44 47.66 0.0 30 14.67
435 0 6 4 5 58 7.46 -8.0 33 0.13 74.0 34 9.91 0.0 30 5.58
436 0 6 4 14 18 7.46 122.0 26 19.36 -16.0 36 34.23 0.0 29 56.71
437 0 6 4 22 38 7.46 -116.0 11 53.29 -9.0 28 59.94 0.0 29 48.36
438 0 6 5 6 58 7.46 37.0 45 39.48 70.0 48 21.30 0.0 29 40.50
439 0 6 5 15 18 7.46 132.0 43 19.92 -26.0 39 33.49 0.0 29 32.91
440 0 6 5 23 38 7.46 -107.0 49 38.59 1.0 33 16.69 0.0 29 25.90
441 0 6 6 7 58 7.46 62.0 11 27.40 60.0 59 20.86 0.0 29 19.39
442 0 6 6 16 18 7.46 145.0 29 52.80 -35.0 3 41.02 0.0 29 13.19
443 0 6 7 0 38 7.46 -100.0 8 37.09 13.0 2 36.48 0.0 29 7.63
444 0 6 7 8 58 7.46 75.0 19 22.49 49.0 22 33.17 0.0 29 2.54
445 0 6 7 17 18 7.46 161.0 16 53.99 -41.0 1 12.29 0.0 28 57.82
446 0 6 8 1 38 7.46 -92.0 30 32.80 24.0 45 16.26 0.0 28 53.78
447 0 6 8 9 58 7.46 84.0 12 27.96 37.0 13 15.35 0.0 28 50.17
448 0 6 8 18 18 7.46 179.0 34 24.16 -43.0 37 48.47 0.0 28 46.99
449 0 6 9 2 38 7.46 -84.0 8 49.61 36.0 28 51.72 0.0 28 44.48
450 0 6 9 10 58 7.46 91.0 23 29.77 24.0 54 53.57 0.0 28 42.40
451 0 6 9 19 18 7.46 -161.0 39 42.48 -42.0 21 58.24 0.0 28 40.78
452 0 6 10 3 38 7.46 -73.0 48 5.28 47.0 56 37.03 0.0 28 39.84
453 0 6 10 11 58 7.46 97.0 59 41.54 12.0 38 11.68 0.0 28 39.30
454 0 6 10 20 18 7.46 -144.0 47 27.49 -37.0 31 10.25 0.0 28 39.26
455 0 6 11 4 38 7.46 -58.0 56 17.67 58.0 34 39.77 0.0 28 39.89
456 0 6 11 12 58 7.46 104.0 41 21.33 0.0 31 11.27 0.0 28 40.90
457 0 6 11 21 18 7.46 -130.0 49 40.84 -29.0 57 12.79 0.0 28 42.44
458 0 6 12 5 38 7.46 -34.0 21 11.00 66.0 54 58.02 0.0 28 44.63
459 0 6 12 13 58 7.46 112.0 2 49.52 -11.0 16 42.48 0.0 28 47.17
460 0 6 12 22 18 7.46 -119.0 28 33.26 -20.0 33 0.25 0.0 28 50.28
461 0 6 13 6 38 7.46 3.0 12 49.87 69.0 37 0.59 0.0 28 54.00
462 0 6 13 14 58 7.46 120.0 43 29.46 -22.0 31 9.50 0.0 28 58.06
463 0 6 13 23 18 7.46 -109.0 58 37.97 -9.0 57 22.90 0.0 29 2.71
464 0 6 14 7 38 7.46 37.0 34 28.87 64.0 37 37.71 0.0 29 7.92
465 0 6 14 15 58 7.46 131.0 35 57.19 -32.0 47 46.06 0.0 29 13.44
466 0 6 15 0 18 7.46 -101.0 34 28.43 1.0 23 59.69 0.0 29 19.59
467 0 6 15 8 38 7.46 58.0 30 56.34 54.0 59 58.99 0.0 29 26.22
468 0 6 15 16 58 7.46 145.0 47 26.32 -41.0 24 0.25 0.0 29 33.15
469 0 6 16 1 18 7.46 -93.0 34 49.22 13.0 13 34.61 0.0 29 40.70
470 0 6 16 9 38 7.46 71.0 32 35.81 43.0 28 24.88 0.0 29 48.65
471 0 6 16 17 58 7.46 164.0 9 38.32 -47.0 11 40.86 0.0 29 56.90
472 0 6 17 2 18 7.46 -85.0 16 27.48 25.0 17 3.21 0.0 30 5.73
473 0 6 17 10 38 7.46 80.0 58 40.45 31.0 7 50.73 0.0 30 14.88
474 0 6 17 18 58 7.46 -174.0 15 53.07 -48.0 50 39.96 0.0 30 24.30
475 0 6 18 3 18 7.46 -75.0 40 47.45 37.0 18 10.46 0.0 30 34.26
476 0 6 18 11 38 7.46 88.0 51 33.85 18.0 24 29.34 0.0 30 44.42
477 0 6 18 19 58 7.46 -153.0 4 59.15 -45.0 45 19.16 0.0 30 54.82
478 0 6 19 4 18 7.46 -63.0 6 15.23 48.0 49 49.04 0.0 31 5.68
479 0 6 19 12 38 7.46 96.0 16 38.39 5.0 32 43.90 0.0 31 16.62
480 0 6 19 20 58 7.46 -135.0 26 27.68 -38.0 39 57.10 0.0 31 27.75
481 0 6 20 5 18 7.46 -44.0 15 20.05 58.0 51 44.27 0.0 31 39.23
482 0 6 20 13 38 7.46 104.0 0 44.64 -7.0 15 6.28 0.0 31 50.63
483 0 6 20 21 58 7.46 -121.0 43 11.25 -28.0 51 54.23 0.0 32 2.18
484 0 6 21 6 18 7.46 -14.0 35 13.80 65.0 1 14.56 0.0 32 13.90
485 0 6 21 14 38 7.46 112.0 51 35.17 -19.0 43 5.50 0.0 32 25.41
486 0 6 21 22 58 7.46 -110.0 51 35.22 -17.0 22 58.67 0.0 32 36.96
487 0 6 22 7 18 7.46 21.0 15 32.55 63.0 58 0.06 0.0 32 48.50
488 0 6 22 15 38 7.46 123.0 52 24.44 -31.0 24 58.13 0.0 32 59.66
489 0 6 22 23 58 7.46 -101.0 42 8.94 -4.0 52 26.12 0.0 33 10.76
490 0 6 23 8 18 7.46 48.0 20 55.42 56.0 8 22.23 0.0 33 21.62
491 0 6 23 16 38 7.46 138.0 32 55.79 -41.0 32 46.72 0.0 33 31.94
492 0 6 24 0 58 7.46 -93.0 17 18.49 8.0 14 31.79 0.0 33 42.06
493 0 6 24 9 18 7.46 65.0 28 47.02 44.0 49 28.92 0.0 33 51.71
494 0 6 24 17 38 7.46 158.0 26 9.13 -48.0 41 25.81 0.0 34 0.66
495 0 6 25 1 58 7.46 -84.0 43 38.86 21.0 38 30.54 0.0 34 9.28
496 0 6 25 10 18 7.46 77.0 18 44.52 32.0 0 20.14 0.0 34 17.18
497 0 6 25 18 38 7.46 -177.0 9 49.52 -50.0 57 21.16 0.0 34 24.26
498 0 6 26 2 58 7.46 -74.0 54 25.14 34.0 58 38.05 0.0 34 30.87
499 0 6 26 11 18 7.46 86.0 44 2.78 18.0 32 49.95 0.0 34 36.54
500 0 6 26 19 38 7.46 -153.0 15 26.89 -47.0 25 12.50 0.0 34 41.32
501 0 6 27 3 58 7.46 -61.0 56 8.74 47.0 41 45.37 0.0 34 45.49
502 0 6 27 12 18 7.46 95.0 17 27.58 4.0 54 16.75 0.0 34 48.56
503 0 6 27 20 38 7.46 -134.0 13 53.21 -39.0 13 57.74 0.0 34 50.72
504 0 6 28 4 58 7.46 -42.0 4 46.07 58.0 35 48.12 0.0 34 52.17
505 0 6 28 13 18 7.46 104.0 0 41.49 -8.0 34 32.84 0.0 34 52.45
506 0 6 28 21 38 7.46 -120.0 6 54.60 -28.0 14 18.84 0.0 34 51.84
507 0 6 29 5 58 7.46 -10.0 23 53.55 64.0 51 28.77 0.0 34 50.47
508 0 6 29 14 18 7.46 113.0 51 25.05 -21.0 30 38.52 0.0 34 47.92
509 0 6 29 22 38 7.46 -109.0 14 31.65 -15.0 45 14.31 0.0 34 44.60
510 0 6 30 6 58 7.46 26.0 15 55.39 62.0 56 47.73 0.0 34 40.50
511 0 6 30 15 18 7.46 126.0 0 49.82 -33.0 20 41.53 0.0 34 35.30
512 0 6 30 23 38 7.46 -100.0 8 31.37 -2.0 32 42.98 0.0 34 29.48
513 0 7 1 7 58 7.46 52.0 13 33.43 54.0 13 10.70 0.0 34 22.92
514 0 7 1 16 18 7.46 142.0 0 56.28 -43.0 9 29.92 0.0 34 15.42
515 0 7 2 0 38 7.46 -91.0 43 29.09 10.0 55 15.50 0.0 34 7.47
516 0 7 2 8 58 7.46 68.0 14 26.14 42.0 25 34.40 0.0 33 58.87
517 0 7 2 17 18 7.46 163.0 2 27.43 -49.0 29 10.55 0.0 33 49.53
518 0 7 3 1 38 7.46 -83.0 1 51.87 24.0 17 54.47 0.0 33 39.93
519 0 7 3 9 58 7.46 79.0 16 20.37 29.0 30 32.28 0.0 33 29.79
520 0 7 3 18 18 7.46 -172.0 34 11.78 -50.0 43 55.61 0.0 33 19.14
521 0 7 4 2 38 7.46 -72.0 53 30.69 37.0 13 29.03 0.0 33 8.40
522 0 7 4 10 58 7.46 88.0 2 53.71 16.0 15 20.22 0.0 32 57.25
523 0 7 4 19 18 7.46 -149.0 54 2.35 -46.0 37 25.31 0.0 32 45.83
524 0 7 5 3 38 7.46 -59.0 24 6.21 49.0 7 50.56 0.0 32 34.48
525 0 7 5 11 58 7.46 95.0 58 25.39 3.0 2 40.22 0.0 32 22.84
526 0 7 5 20 18 7.46 -132.0 8 47.26 -38.0 35 52.90 0.0 32 11.16
527 0 7 6 4 38 7.46 -39.0 12 40.74 58.0 49 33.53 0.0 31 59.65
528 0 7 6 12 58 7.46 103.0 57 18.49 -9.0 52 23.31 0.0 31 48.00
529 0 7 6 21 18 7.46 -118.0 48 33.35 -28.0 19 32.57 0.0 31 36.50
530 0 7 7 5 38 7.46 -9.0 14 55.40 63.0 51 25.35 0.0 31 25.26
531 0 7 7 13 58 7.46 112.0 48 33.90 -22.0 14 45.55 0.0 31 14.00
532 0 7 7 22 18 7.46 -108.0 19 58.11 -16.0 54 0.81 0.0 31 3.05
533 0 7 8 6 38 7.46 23.0 26 17.57 61.0 47 35.54 0.0 30 52.42
534 0 7 8 14 58 7.46 123.0 31 45.52 -33.0 43 0.94 0.0 30 41.88
535 0 7 8 23 18 7.46 -99.0 25 50.47 -4.0 56 16.31 0.0 30 31.78
536 0 7 9 7 38 7.46 47.0 16 52.53 53.0 58 58.28 0.0 30 22.04
537 0 7 9 15 58 7.46 137.0 28 45.68 -43.0 40 22.64 0.0 30 12.48
538 0 7 10 0 18 7.46 -91.0 9 27.24 7.0 11 38.27 0.0 30 3.46
539 0 7 10 8 38 7.46 62.0 38 12.10 43.0 20 49.05 0.0 29 54.81
540 0 7 10 16 58 7.46 156.0 11 14.30 -51.0 2 18.18 0.0 29 46.43
541 0 7 11 1 18 7.46 -82.0 42 36.34 19.0 13 26.95 0.0 29 38.66
542 0 7 11 9 38 7.46 73.0 18 17.86 31.0 30 36.79 0.0 29 31.26
543 0 7 11 17 58 7.46 179.0 36 20.48 -54.0 17 48.47 0.0 29 24.21
544 0 7 12 2 18 7.46 -73.0 12 3.91 30.0 52 7.42 0.0 29 17.80
545 0 7 12 10 38 7.46 81.0 37 50.56 19.0 10 2.63 0.0 29 11.76
546 0 7 12 18 58 7.46 -156.0 17 26.44 -52.0 28 46.26 0.0 29 6.15
547 0 7 13 3 18 7.46 -61.0 23 31.60 41.0 42 19.28 0.0 29 1.19
548 0 7 13 11 38 7.46 88.0 52 55.42 6.0 38 28.70 0.0 28 56.60
549 0 7 13 19 58 7.46 -136.0 15 50.73 -46.0 18 40.69 0.0 28 52.49
550 0 7 14 4 18 7.46 -45.0 25 35.44 50.0 57 37.41 0.0 28 49.04
551 0 7 14 12 38 7.46 95.0 51 25.55 -5.0 52 45.49 0.0 28 45.94
552 0 7 14 20 58 7.46 -121.0 10 30.62 -37.0 22 56.59 0.0 28 43.38
553 0 7 15 5 18 7.46 -23.0 19 30.52 57.0 12 5.79 0.0 28 41.46
554 0 7 15 13 38 7.46 103.0 13 26.22 -18.0 14 7.08 0.0 28 39.89
555 0 7 15 21 58 7.46 -109.0 37 23.56 -26.0 55 58.37 0.0 28 38.91
556 0 7 16 6 18 7.46 3.0 35 55.08 58.0 32 15.69 0.0 28 38.55
557 0 7 16 14 38 7.46 111.0 45 42.44 -30.0 13 27.14 0.0 28 38.53
558 0 7 16 22 58 7.46 -100.0 9 0.15 -15.0 41 13.70 0.0 28 39.14
559 0 7 17 7 18 7.46 28.0 30 47.17 54.0 23 3.06 0.0 28 40.32
560 0 7 17 15 38 7.46 122.0 38 23.32 -41.0 29 56.89 0.0 28 41.86
561 0 7 17 23 58 7.46 -91.0 41 27.84 -4.0 3 51.03 0.0 28 44.05
562 0 7 18 8 18 7.46 47.0 4 30.00 46.0 15 30.09 0.0 28 46.77
563 0 7 18 16 38 7.46 137.0 47 0.05 -51.0 21 53.35 0.0 28 49.85
564 0 7 19 0 58 7.46 -83.0 26 8.80 7.0 39 5.19 0.0 28 53.60
565 0 7 19 9 18 7.46 60.0 18 13.26 35.0 54 26.46 0.0 28 57.83
566 0 7 19 17 38 7.46 159.0 42 37.15 -58.0 24 17.57 0.0 29 2.43
567 0 7 20 1 58 7.46 -74.0 37 42.09 19.0 11 57.35 0.0 29 7.71
568 0 7 20 10 18 7.46 70.0 16 37.25 24.0 22 2.98 0.0 29 13.40
569 0 7 20 18 38 7.46 -172.0 1 4.21 -60.0 27 19.21 0.0 29 19.47
570 0 7 21 2 58 7.46 -64.0 22 21.16 30.0 14 43.14 0.0 29 26.21
571 0 7 21 11 18 7.46 78.0 28 18.36 12.0 10 5.29 0.0 29 33.29
572 0 7 21 19 38 7.46 -145.0 6 27.69 -56.0 31 42.69 0.0 29 40.77
573 0 7 22 3 58 7.46 -51.0 26 18.54 40.0 14 49.80 0.0 29 48.87
574 0 7 22 12 18 7.46 85.0 51 1.57 -0.0 24 10.45 0.0 29 57.24
575 0 7 22 20 38 7.46 -125.0 17 2.59 -48.0 14 17.06 0.0 30 6.02
576 0 7 23 4 58 7.46 -34.0 16 9.13 48.0 14 41.76 0.0 30 15.35
577 0 7 23 13 18 7.46 93.0 8 52.61 -13.0 9 12.22 0.0 30 24.87
578 0 7 23 21 38 7.46 -111.0 21 19.86 -37.0 35 36.45 0.0 30 34.79
579 0 7 24 5 58 7.46 -12.0 4 58.41 52.0 43 9.21 0.0 30 45.17
580 0 7 24 14 18 7.46 101.0 7 22.31 -25.0 53 54.63 0.0 30 55.65
581 0 7 24 22 38 7.46 -100.0 48 42.25 -25.0 45 21.23 0.0 31 6.50
582 0 7 25 6 58 7.46 12.0 26 30.88 52.0 12 14.15 0.0 31 17.68
583 0 7 25 15 18 7.46 110.0 51 49.03 -38.0 22 2.05 0.0 31 28.87
584 0 7 25 23 38 7.46 -91.0 56 7.55 -13.0 18 47.09 0.0 31 40.38
585 0 7 26 7 58 7.46 34.0 5 38.23 46.0 43 9.91 0.0 31 52.06
586 0 7 26 16 18 7.46 124.0 20 25.07 -50.0 0 57.19 0.0 32 3.64
587 0 7 27 0 38 7.46 -83.0 36 45.10 -0.0 36 41.89 0.0 32 15.45
588 0 7 27 8 58 7.46 50.0 40 47.16 37.0 41 10.61 0.0 32 27.24
589 0 7 27 17 18 7.46 145.0 14 11.66 -59.0 33 7.48 0.0 32 38.82
591 0 7 28 9 58 7.46 63.0 11 41.98 26.0 31 2.43 0.0 33 1.96
592 0 7 28 18 18 7.46 176.0 51 47.51 -64.0 8 37.56 0.0 33 13.07
593 0 7 29 2 38 7.46 -65.0 1 14.80 24.0 21 23.05 0.0 33 24.14
594 0 7 29 10 58 7.46 73.0 11 45.72 14.0 6 17.34 0.0 33 34.75
595 0 7 29 19 18 7.46 -149.0 29 26.23 -61.0 3 0.90 0.0 33 44.88
596 0 7 30 3 38 7.46 -52.0 31 36.65 35.0 42 24.17 0.0 33 54.80
597 0 7 30 11 58 7.46 81.0 54 2.13 0.0 58 19.73 0.0 34 4.03
598 0 7 30 20 18 7.46 -125.0 51 24.32 -51.0 57 53.41 0.0 34 12.66
599 0 7 31 4 38 7.46 -35.0 45 0.66 45.0 5 34.20 0.0 34 20.89
600 0 7 31 12 58 7.46 90.0 15 23.41 -12.0 31 49.29 0.0 34 28.22
601 0 7 31 21 18 7.46 -110.0 39 23.75 -40.0 0 34.05 0.0 34 34.86
602 0 8 1 5 38 7.46 -13.0 25 58.75 50.0 48 19.40 0.0 34 40.90
603 0 8 1 13 58 7.46 99.0 12 18.87 -26.0 5 26.96 0.0 34 45.88
604 0 8 1 22 18 7.46 -99.0 44 55.59 -26.0 49 43.36 0.0 34 50.12
605 0 8 2 6 38 7.46 12.0 5 26.45 51.0 0 9.03 0.0 34 53.59
606 0 8 2 14 58 7.46 110.0 3 37.77 -39.0 18 22.72 0.0 34 55.89
607 0 8 2 23 18 7.46 -90.0 44 33.19 -13.0 10 9.92 0.0 34 57.45
608 0 8 3 7 38 7.46 34.0 54 12.64 45.0 31 38.30 0.0 34 58.12
609 0 8 3 15 58 7.46 125.0 11 39.61 -51.0 26 32.86 0.0 34 57.60
610 0 8 4 0 18 7.46 -82.0 16 53.94 0.0 32 16.51 0.0 34 56.37
611 0 8 4 8 38 7.46 52.0 10 0.30 36.0 5 4.53 0.0 34 54.19
612 0 8 4 16 58 7.46 148.0 53 3.46 -60.0 50 11.80 0.0 34 50.90
613 0 8 5 1 18 7.46 -73.0 21 54.52 13.0 55 58.22 0.0 34 46.97
614 0 8 5 9 38 7.46 64.0 56 44.88 24.0 25 55.88 0.0 34 42.10
615 0 8 5 17 58 7.46 -176.0 45 52.14 -64.0 11 54.64 0.0 34 36.26
616 0 8 6 2 18 7.46 -62.0 57 11.32 26.0 35 0.19 0.0 34 29.91
617 0 8 6 10 38 7.46 74.0 59 24.03 11.0 39 41.60 0.0 34 22.67
618 0 8 6 18 58 7.46 -144.0 4 23.78 -59.0 33 18.30 0.0 34 14.67
619 0 8 7 3 18 7.46 -49.0 41 52.43 37.0 49 41.27 0.0 34 6.29
620 0 8 7 11 38 7.46 83.0 37 8.86 -1.0 36 42.29 0.0 33 57.14
621 0 8 7 19 58 7.46 -122.0 29 17.69 -49.0 45 5.53 0.0 33 47.46
622 0 8 8 4 18 7.46 -31.0 59 17.63 46.0 33 13.18 0.0 33 37.54
623 0 8 8 12 38 7.46 91.0 48 33.53 -15.0 0 27.71 0.0 33 27.01
624 0 8 8 20 58 7.46 -108.0 28 53.95 -37.0 49 4.80 0.0 33 16.20
625 0 8 9 5 18 7.46 -9.0 19 20.13 51.0 7 8.89 0.0 33 5.26
626 0 8 9 13 38 7.46 100.0 28 29.38 -28.0 13 51.90 0.0 32 53.89
627 0 8 9 21 58 7.46 -98.0 9 34.44 -25.0 8 35.91 0.0 32 42.46
628 0 8 10 6 18 7.46 14.0 57 32.40 50.0 13 13.83 0.0 32 31.03
629 0 8 10 14 38 7.46 110.0 49 32.23 -40.0 56 52.71 0.0 32 19.32
630 0 8 10 22 58 7.46 -89.0 27 13.39 -12.0 20 9.94 0.0 32 7.76
631 0 8 11 7 18 7.46 35.0 38 56.68 44.0 20 23.82 0.0 31 56.29
632 0 8 11 15 38 7.46 124.0 58 31.70 -52.0 35 14.81 0.0 31 44.71
633 0 8 11 23 58 7.46 -81.0 12 2.03 0.0 15 48.82 0.0 31 33.45
634 0 8 12 8 18 7.46 51.0 8 20.00 35.0 12 9.99 0.0 31 22.34
635 0 8 12 16 38 7.46 146.0 48 22.29 -61.0 52 11.87 0.0 31 11.28
636 0 8 13 0 58 7.46 -72.0 33 33.22 12.0 22 46.42 0.0 31 0.65
637 0 8 13 9 18 7.46 62.0 38 53.50 24.0 16 46.64 0.0 30 50.23
638 0 8 13 17 38 7.46 179.0 24 51.67 -66.0 6 13.17 0.0 30 39.99
639 0 8 14 1 58 7.46 -62.0 42 58.10 23.0 41 13.08 0.0 30 30.28
640 0 8 14 10 18 7.46 71.0 40 31.98 12.0 25 55.10 0.0 30 20.81
641 0 8 14 18 38 7.46 -146.0 59 0.82 -63.0 3 16.89 0.0 30 11.64
642 0 8 15 2 58 7.46 -50.0 43 50.83 33.0 42 18.70 0.0 30 3.05
643 0 8 15 11 18 7.46 79.0 18 27.39 0.0 7 32.17 0.0 29 54.72
644 0 8 15 19 38 7.46 -123.0 52 44.92 -54.0 46 1.07 0.0 29 46.80
645 0 8 16 3 58 7.46 -35.0 36 3.94 41.0 40 38.10 0.0 29 39.48
646 0 8 16 12 18 7.46 86.0 18 59.80 -12.0 22 24.97 0.0 29 32.45
647 0 8 16 20 38 7.46 -109.0 3 24.11 -44.0 10 30.20 0.0 29 25.91
648 0 8 17 4 58 7.46 -16.0 56 3.08 46.0 32 14.73 0.0 29 19.97
649 0 8 17 13 18 7.46 93.0 21 48.12 -24.0 53 12.23 0.0 29 14.34
650 0 8 17 21 38 7.46 -98.0 26 14.63 -32.0 42 46.41 0.0 29 9.27
651 0 8 18 5 58 7.46 3.0 44 7.55 47.0 17 18.35 0.0 29 4.80
652 0 8 18 14 18 7.46 101.0 13 37.92 -37.0 14 49.00 0.0 29 0.64
653 0 8 18 22 38 7.46 -89.0 46 21.27 -20.0 59 20.33 0.0 28 57.11
654 0 8 19 6 58 7.46 23.0 8 55.08 43.0 47 41.94 0.0 28 54.14
655 0 8 19 15 18 7.46 111.0 11 53.48 -49.0 12 33.05 0.0 28 51.51
656 0 8 19 23 38 7.46 -81.0 51 27.74 -9.0 19 0.93 0.0 28 49.55
657 0 8 20 7 58 7.46 39.0 5 31.18 36.0 56 11.94 0.0 28 48.11
658 0 8 20 16 18 7.46 126.0 1 18.80 -60.0 14 3.61 0.0 28 47.05
659 0 8 21 0 38 7.46 -73.0 54 53.64 2.0 4 31.14 0.0 28 46.67
660 0 8 21 8 58 7.46 51.0 30 36.76 27.0 51 0.35 0.0 28 46.78
661 0 8 21 17 18 7.46 151.0 47 54.49 -68.0 47 51.02 0.0 28 47.30
662 0 8 22 1 38 7.46 -65.0 17 38.02 12.0 56 50.22 0.0 28 48.51
663 0 8 22 9 58 7.46 61.0 17 46.39 17.0 23 17.10 0.0 28 50.17
664 0 8 22 18 18 7.46 -167.0 39 24.27 -71.0 12 15.89 0.0 28 52.27
665 0 8 23 2 38 7.46 -55.0 19 10.93 22.0 58 18.72 0.0 28 55.06
666 0 8 23 10 58 7.46 69.0 21 37.39 6.0 4 37.18 0.0 28 58.26
667 0 8 23 19 18 7.46 -132.0 40 37.74 -65.0 36 39.19 0.0 29 1.93
668 0 8 24 3 38 7.46 -43.0 14 50.04 31.0 39 16.64 0.0 29 6.27
669 0 8 24 11 58 7.46 76.0 25 3.22 -5.0 46 18.56 0.0 29 10.98
670 0 8 24 20 18 7.46 -112.0 34 19.99 -55.0 47 1.63 0.0 29 16.18
671 0 8 25 4 38 7.46 -28.0 26 5.25 38.0 15 39.85 0.0 29 22.02
672 0 8 25 12 58 7.46 83.0 2 54.13 -17.0 57 57.03 0.0 29 28.19
673 0 8 25 21 18 7.46 -100.0 8 47.51 -44.0 26 19.09 0.0 29 34.88
674 0 8 26 5 38 7.46 -10.0 56 45.62 41.0 51 56.57 0.0 29 42.16
675 0 8 26 13 58 7.46 89.0 50 8.89 -30.0 21 59.03 0.0 29 49.71
676 0 8 26 22 18 7.46 -90.0 59 3.84 -32.0 32 21.94 0.0 29 57.80
679 0 8 27 23 18 7.46 -83.0 8 11.58 -20.0 28 20.83 0.0 30 24.61
680 0 8 28 7 38 7.46 25.0 12 23.77 37.0 45 56.18 0.0 30 34.40
681 0 8 28 15 58 7.46 107.0 57 47.27 -55.0 7 27.30 0.0 30 44.37
682 0 8 29 0 18 7.46 -75.0 34 47.42 -8.0 27 59.61 0.0 30 54.83
683 0 8 29 8 38 7.46 39.0 58 21.19 30.0 40 52.79 0.0 31 5.61
684 0 8 29 16 58 7.46 125.0 19 2.93 -66.0 34 42.59 0.0 31 16.51
685 0 8 30 1 18 7.46 -67.0 35 38.01 3.0 15 37.73 0.0 31 27.85
686 0 8 30 9 38 7.46 51.0 56 10.19 21.0 20 40.84 0.0 31 39.35
687 0 8 30 17 58 7.46 162.0 8 47.74 -74.0 36 9.67 0.0 31 50.91
688 0 8 31 2 18 7.46 -58.0 29 33.86 14.0 24 59.60 0.0 32 2.82
689 0 8 31 10 38 7.46 61.0 43 29.24 10.0 28 9.57 0.0 32 14.72
690 0 8 31 18 58 7.46 -145.0 3 3.42 -72.0 48 24.30 0.0 32 26.59
691 0 9 1 3 18 7.46 -47.0 29 40.97 24.0 32 43.66 0.0 32 38.69
692 0 9 1 11 38 7.46 70.0 4 23.12 -1.0 27 34.10 0.0 32 50.59
693 0 9 1 19 58 7.46 -115.0 42 24.47 -62.0 52 46.87 0.0 33 2.36
694 0 9 2 4 18 7.46 -33.0 45 9.57 32.0 55 4.82 0.0 33 14.19
695 0 9 2 12 38 7.46 77.0 38 53.32 -14.0 7 9.21 0.0 33 25.62
696 0 9 2 20 58 7.46 -100.0 55 55.67 -50.0 27 6.76 0.0 33 36.81
697 0 9 3 5 18 7.46 -16.0 47 30.00 38.0 28 32.03 0.0 33 47.86
698 0 9 3 13 38 7.46 85.0 6 36.74 -27.0 16 25.27 0.0 33 58.30
699 0 9 3 21 58 7.46 -91.0 7 32.10 -37.0 15 38.89 0.0 34 8.38
700 0 9 4 6 18 7.46 2.0 30 7.49 40.0 4 42.33 0.0 34 18.09
701 0 9 4 14 38 7.46 93.0 20 8.57 -40.0 42 7.38 0.0 34 27.00
702 0 9 4 22 58 7.46 -83.0 2 45.00 -23.0 50 56.48 0.0 34 35.44
703 0 9 5 7 18 7.46 21.0 34 35.82 37.0 12 34.47 0.0 34 43.27
704 0 9 5 15 38 7.46 104.0 2 16.71 -54.0 5 28.23 0.0 34 50.15
705 0 9 5 23 58 7.46 -75.0 18 55.13 -10.0 31 20.94 0.0 34 56.44
706 0 9 6 8 18 7.46 38.0 3 40.98 30.0 24 32.70 0.0 35 1.93
707 0 9 6 16 38 7.46 122.0 3 20.95 -66.0 40 39.67 0.0 35 6.34
708 0 9 7 0 58 7.46 -67.0 4 29.89 2.0 25 13.39 0.0 35 10.10
709 0 9 7 9 18 7.46 51.0 20 31.96 20.0 46 46.10 0.0 35 12.88
710 0 9 7 17 38 7.46 162.0 49 25.14 -75.0 21 37.95 0.0 35 14.56
711 0 9 8 1 58 7.46 -57.0 32 46.38 14.0 35 10.12 0.0 35 15.54
712 0 9 8 10 18 7.46 62.0 0 33.09 9.0 19 57.18 0.0 35 15.43
713 0 9 8 18 38 7.46 -140.0 26 56.00 -72.0 23 42.03 0.0 35 14.26
714 0 9 9 2 58 7.46 -45.0 52 1.58 25.0 23 24.20 0.0 35 12.40
715 0 9 9 11 18 7.46 70.0 55 31.44 -3.0 12 49.13 0.0 35 9.42
716 0 9 9 19 38 7.46 -112.0 42 24.70 -61.0 12 55.41 0.0 35 5.50
717 0 9 10 3 58 7.46 -31.0 11 4.26 33.0 57 19.56 0.0 35 0.93
718 0 9 10 12 18 7.46 78.0 53 0.43 -16.0 22 43.19 0.0 34 55.30
719 0 9 10 20 38 7.46 -98.0 55 1.79 -48.0 5 48.63 0.0 34 48.90
720 0 9 11 4 58 7.46 -13.0 17 21.81 39.0 7 47.94 0.0 34 41.93
721 0 9 11 13 18 7.46 86.0 38 23.00 -29.0 49 25.17 0.0 34 34.02
722 0 9 11 21 38 7.46 -89.0 31 47.33 -34.0 38 18.68 0.0 34 25.56
723 0 9 12 5 58 7.46 6.0 19 10.90 39.0 54 59.98 0.0 34 16.63
724 0 9 12 14 18 7.46 95.0 9 31.17 -43.0 15 55.45 0.0 34 6.94
725 0 9 12 22 38 7.46 -81.0 37 16.56 -21.0 20 16.00 0.0 33 56.92
726 0 9 13 6 58 7.46 24.0 46 1.01 36.0 14 11.97 0.0 33 46.55
727 0 9 13 15 18 7.46 106.0 17 10.84 -56.0 21 26.03 0.0 33 35.61
728 0 9 13 23 38 7.46 -73.0 58 18.96 -8.0 28 28.87 0.0 33 24.57
729 0 9 14 7 58 7.46 40.0 5 51.06 29.0 1 36.20 0.0 33 13.29
730 0 9 14 16 18 7.46 125.0 9 56.72 -68.0 18 47.53 0.0 33 1.66
732 0 9 15 8 58 7.46 52.0 11 34.25 19.0 29 43.66 0.0 32 38.45
733 0 9 15 17 18 7.46 166.0 58 50.54 -76.0 3 25.12 0.0 32 26.63
734 0 9 16 1 38 7.46 -56.0 34 20.37 14.0 51 21.74 0.0 32 15.06
735 0 9 16 9 58 7.46 61.0 48 28.53 8.0 34 45.42 0.0 32 3.46
736 0 9 16 18 18 7.46 -138.0 47 22.54 -72.0 55 31.17 0.0 31 51.90
737 0 9 17 2 38 7.46 -45.0 32 19.88 24.0 34 14.09 0.0 31 40.71
738 0 9 17 10 58 7.46 69.0 45 58.03 -3.0 7 21.80 0.0 31 29.56
739 0 9 17 19 18 7.46 -112.0 14 18.47 -62.0 43 23.19 0.0 31 18.63
740 0 9 18 3 38 7.46 -32.0 10 48.65 32.0 13 14.01 0.0 31 8.14
741 0 9 18 11 58 7.46 76.0 44 40.72 -15.0 14 45.90 0.0 30 57.77
742 0 9 18 20 18 7.46 -98.0 49 17.05 -50.0 52 59.14 0.0 30 47.75
743 0 9 19 4 38 7.46 -16.0 25 35.70 37.0 2 28.91 0.0 30 38.23
744 0 9 19 12 58 7.46 83.0 19 16.47 -27.0 33 46.30 0.0 30 28.89
745 0 9 19 21 18 7.46 -89.0 45 20.99 -38.0 46 24.75 0.0 30 20.01
746 0 9 20 5 38 7.46 0.0 44 31.71 38.0 22 23.03 0.0 30 11.64
747 0 9 20 13 58 7.46 90.0 7 15.74 -39.0 54 45.49 0.0 30 3.52
748 0 9 20 22 18 7.46 -82.0 16 57.29 -26.0 47 28.63 0.0 29 55.94
749 0 9 21 6 38 7.46 17.0 25 45.23 36.0 4 42.77 0.0 29 48.88
750 0 9 21 14 58 7.46 98.0 7 49.67 -52.0 8 27.57 0.0 29 42.11
751 0 9 21 23 18 7.46 -75.0 16 12.67 -15.0 7 48.56 0.0 29 35.95
752 0 9 22 7 38 7.46 32.0 1 55.61 30.0 40 27.12 0.0 29 30.30
753 0 9 22 15 58 7.46 109.0 40 48.67 -63.0 58 49.15 0.0 29 24.98
754 0 9 23 0 18 7.46 -68.0 4 32.27 -3.0 57 0.92 0.0 29 20.33
755 0 9 23 8 38 7.46 44.0 3 59.47 22.0 58 50.59 0.0 29 16.15
756 0 9 23 16 58 7.46 132.0 47 2.64 -74.0 31 6.94 0.0 29 12.36
757 0 9 24 1 18 7.46 -60.0 11 55.18 6.0 33 30.12 0.0 29 9.26
758 0 9 24 9 38 7.46 53.0 51 19.34 13.0 44 21.50 0.0 29 6.61
759 0 9 24 17 58 7.46 -170.0 35 2.51 -79.0 8 0.02 0.0 29 4.39
760 0 9 25 2 18 7.46 -51.0 9 22.10 16.0 7 48.76 0.0 29 2.87
761 0 9 25 10 38 7.46 61.0 57 59.39 3.0 28 44.88 0.0 29 1.77
762 0 9 25 18 58 7.46 -122.0 29 35.81 -72.0 28 13.16 0.0 29 1.15
763 0 9 26 3 18 7.46 -40.0 27 49.95 24.0 22 46.58 0.0 29 1.23
764 0 9 26 11 38 7.46 68.0 56 20.14 -7.0 27 24.17 0.0 29 1.70
765 0 9 26 19 58 7.46 -103.0 27 7.04 -61.0 41 58.28 0.0 29 2.69
766 0 9 27 4 18 7.46 -27.0 45 12.10 30.0 46 15.59 0.0 29 4.35
767 0 9 27 12 38 7.46 75.0 14 3.51 -18.0 51 3.90 0.0 29 6.40
768 0 9 27 20 58 7.46 -93.0 4 6.74 -50.0 6 49.57 0.0 29 9.00
769 0 9 28 5 18 7.46 -13.0 4 52.81 34.0 39 44.60 0.0 29 12.24
770 0 9 28 13 38 7.46 81.0 17 12.10 -30.0 33 44.45 0.0 29 15.84
771 0 9 28 21 58 7.46 -85.0 28 4.26 -38.0 21 42.12 0.0 29 20.03
772 0 9 29 6 18 7.46 2.0 43 13.13 35.0 30 6.92 0.0 29 24.82
773 0 9 29 14 38 7.46 87.0 37 26.57 -42.0 29 8.65 0.0 29 29.95
775 0 9 30 7 18 7.46 18.0 11 40.24 33.0 7 15.30 0.0 29 41.97
776 0 9 30 15 38 7.46 95.0 10 39.06 -54.0 30 38.81 0.0 29 48.58
777 0 9 30 23 58 7.46 -72.0 16 33.23 -15.0 8 21.65 0.0 29 55.80
778 0 10 1 8 18 7.46 32.0 4 6.87 27.0 50 19.67 0.0 30 3.51
779 0 10 1 16 38 7.46 106.0 25 34.16 -66.0 24 53.98 0.0 30 11.52
780 0 10 2 0 58 7.46 -65.0 18 44.04 -3.0 57 18.14 0.0 30 20.14
781 0 10 2 9 18 7.46 43.0 51 1.01 20.0 15 2.91 0.0 30 29.15
782 0 10 2 17 38 7.46 131.0 52 51.47 -77.0 14 39.97 0.0 30 38.45
783 0 10 3 1 58 7.46 -57.0 25 51.98 6.0 41 0.13 0.0 30 48.33
784 0 10 3 10 18 7.46 53.0 42 0.00 10.0 57 4.29 0.0 30 58.50
785 0 10 3 18 38 7.46 -156.0 8 40.00 -80.0 25 23.79 0.0 31 8.93
786 0 10 4 2 58 7.46 -48.0 5 51.85 16.0 26 55.93 0.0 31 19.87
787 0 10 4 11 18 7.46 62.0 3 0.29 0.0 24 10.93 0.0 31 30.99
788 0 10 4 19 38 7.46 -112.0 58 57.64 -71.0 10 32.27 0.0 31 42.32
789 0 10 5 3 58 7.46 -36.0 44 11.80 24.0 50 6.10 0.0 31 54.08
790 0 10 5 12 18 7.46 69.0 22 29.25 -11.0 4 3.57 0.0 32 5.88
791 0 10 5 20 38 7.46 -97.0 44 23.56 -59.0 1 48.43 0.0 32 17.83
792 0 10 6 4 58 7.46 -22.0 55 8.98 31.0 6 34.06 0.0 32 30.07
793 0 10 6 13 18 7.46 76.0 8 11.34 -23.0 14 2.51 0.0 32 42.20
794 0 10 6 21 38 7.46 -88.0 43 12.78 -46.0 17 42.67 0.0 32 54.41
795 0 10 7 5 58 7.46 -6.0 50 38.82 34.0 23 25.63 0.0 33 6.73
796 0 10 7 14 18 7.46 82.0 51 0.06 -35.0 55 33.23 0.0 33 18.77
797 0 10 7 22 38 7.46 -81.0 29 16.33 -33.0 23 58.47 0.0 33 30.79
798 0 10 8 6 58 7.46 10.0 12 8.06 33.0 58 55.62 0.0 33 42.72
799 0 10 8 15 18 7.46 90.0 18 35.58 -48.0 59 7.90 0.0 33 54.19
800 0 10 8 23 38 7.46 -74.0 37 10.40 -20.0 33 15.13 0.0 34 5.51
801 0 10 9 7 58 7.46 26.0 18 44.40 29.0 48 30.54 0.0 34 16.51
802 0 10 9 16 18 7.46 100.0 25 12.02 -62.0 11 3.88 0.0 34 26.87
803 0 10 10 0 38 7.46 -67.0 22 5.09 -7.0 58 21.55 0.0 34 36.94
804 0 10 10 8 58 7.46 40.0 11 47.57 22.0 26 40.51 0.0 34 46.44
805 0 10 10 17 18 7.46 120.0 54 34.09 -74.0 48 38.26 0.0 34 55.16
806 0 10 11 1 38 7.46 -59.0 7 38.91 4.0 3 9.39 0.0 35 3.43
807 0 10 11 9 58 7.46 51.0 39 28.02 12.0 43 1.46 0.0 35 10.90
808 0 10 11 18 18 7.46 -169.0 2 40.30 -81.0 15 48.50 0.0 35 17.46
809 0 10 12 2 38 7.46 -49.0 15 31.23 15.0 5 1.51 0.0 35 23.45
810 0 10 12 10 58 7.46 61.0 8 13.01 1.0 21 47.17 0.0 35 28.42
811 0 10 12 19 18 7.46 -114.0 2 56.41 -72.0 0 28.55 0.0 35 32.43
812 0 10 13 3 38 7.46 -37.0 4 59.91 24.0 27 45.86 0.0 35 35.73
813 0 10 13 11 58 7.46 69.0 14 18.65 -11.0 3 56.03 0.0 35 37.89
814 0 10 13 20 18 7.46 -97.0 19 35.95 -58.0 46 56.78 0.0 35 39.08
815 0 10 14 4 38 7.46 -22.0 8 58.70 31.0 16 25.93 0.0 35 39.49
816 0 10 14 12 58 7.46 76.0 33 37.23 -24.0 10 17.52 0.0 35 38.70
817 0 10 14 21 18 7.46 -87.0 55 27.67 -45.0 5 22.29 0.0 35 37.00
818 0 10 15 5 38 7.46 -4.0 53 28.47 34.0 30 13.16 0.0 35 34.50
819 0 10 15 13 58 7.46 83.0 44 43.16 -37.0 39 21.30 0.0 35 30.82
820 0 10 15 22 18 7.46 -80.0 26 51.64 -31.0 29 28.00 0.0 35 26.36
821 0 10 16 6 38 7.46 12.0 54 50.42 33.0 32 36.72 0.0 35 21.13
822 0 10 16 14 58 7.46 91.0 45 59.43 -51.0 15 38.26 0.0 35 14.82
823 0 10 16 23 18 7.46 -73.0 21 22.74 -18.0 15 27.38 0.0 35 7.91
824 0 10 17 7 38 7.46 29.0 5 7.26 28.0 39 24.96 0.0 35 0.30
825 0 10 17 15 58 7.46 103.0 1 43.75 -64.0 39 34.85 0.0 34 51.79
826 0 10 18 0 18 7.46 -65.0 54 2.08 -5.0 38 0.28 0.0 34 42.86
827 0 10 18 8 38 7.46 42.0 31 49.27 20.0 46 22.49 0.0 34 33.34
828 0 10 18 16 58 7.46 128.0 1 35.41 -76.0 51 33.36 0.0 34 23.15
829 0 10 19 1 18 7.46 -57.0 30 58.01 6.0 5 32.44 0.0 34 12.74
830 0 10 19 9 38 7.46 53.0 22 6.32 10.0 54 4.62 0.0 34 1.85
831 0 10 19 17 58 7.46 -154.0 56 18.26 -80.0 36 35.34 0.0 33 50.53
832 0 10 20 2 18 7.46 -47.0 39 33.96 16.0 32 8.79 0.0 33 39.17
833 0 10 20 10 38 7.46 62.0 13 3.34 -0.0 11 12.26 0.0 33 27.47
834 0 10 20 18 58 7.46 -111.0 18 44.11 -70.0 37 50.08 0.0 33 15.57
835 0 10 21 3 18 7.46 -35.0 49 23.96 25.0 10 22.67 0.0 33 3.79
836 0 10 21 11 38 7.46 69.0 43 46.13 -11.0 58 47.28 0.0 32 51.80
837 0 10 21 19 58 7.46 -96.0 42 54.51 -58.0 9 54.46 0.0 32 39.82
838 0 10 22 4 18 7.46 -21.0 45 48.28 31.0 20 16.80 0.0 32 28.08
839 0 10 22 12 38 7.46 76.0 28 38.33 -24.0 9 7.25 0.0 32 16.26
840 0 10 22 20 58 7.46 -88.0 5 8.36 -45.0 31 53.72 0.0 32 4.64
841 0 10 23 5 18 7.46 -5.0 56 1.20 34.0 21 35.27 0.0 31 53.34
842 0 10 23 13 38 7.46 83.0 1 5.53 -36.0 29 24.89 0.0 31 42.06
843 0 10 23 21 58 7.46 -81.0 12 46.57 -33.0 6 39.01 0.0 31 31.15
844 0 10 24 6 18 7.46 10.0 18 22.40 33.0 52 53.52 0.0 31 20.61
845 0 10 24 14 38 7.46 90.0 5 21.88 -48.0 50 7.18 0.0 31 10.20
846 0 10 24 22 58 7.46 -74.0 48 41.45 -21.0 3 23.02 0.0 31 0.26
847 0 10 25 7 18 7.46 25.0 19 59.01 30.0 7 10.01 0.0 30 50.73
848 0 10 25 15 38 7.46 99.0 11 43.97 -61.0 0 32.22 0.0 30 41.42
849 0 10 25 23 58 7.46 -68.0 15 32.92 -9.0 29 28.37 0.0 30 32.68
850 0 10 26 8 18 7.46 38.0 12 59.26 23.0 44 8.83 0.0 30 24.35
851 0 10 26 16 38 7.46 115.0 15 12.74 -72.0 34 23.65 0.0 30 16.32
852 0 10 27 0 58 7.46 -61.0 6 30.87 1.0 26 14.12 0.0 30 8.92
853 0 10 27 9 18 7.46 48.0 54 2.87 15.0 28 49.44 0.0 30 1.93
854 0 10 27 17 38 7.46 162.0 3 31.01 -80.0 56 14.17 0.0 29 55.32
855 0 10 28 1 58 7.46 -52.0 56 4.62 11.0 31 12.76 0.0 29 49.36
856 0 10 28 10 18 7.46 57.0 47 20.85 5.0 57 36.41 0.0 29 43.82
857 0 10 28 18 38 7.46 -129.0 13 51.87 -76.0 54 46.26 0.0 29 38.71
858 0 10 29 2 58 7.46 -43.0 17 24.18 20.0 26 55.03 0.0 29 34.28
859 0 10 29 11 18 7.46 65.0 23 8.26 -4.0 24 11.54 0.0 29 30.24
860 0 10 29 19 38 7.46 -105.0 39 42.69 -66.0 13 42.28 0.0 29 26.70
861 0 10 30 3 58 7.46 -31.0 45 36.20 27.0 46 36.41 0.0 29 23.83
862 0 10 30 12 18 7.46 72.0 9 44.49 -15.0 19 56.78 0.0 29 21.35
863 0 10 30 20 38 7.46 -94.0 51 11.28 -54.0 33 22.46 0.0 29 19.42
864 0 10 31 4 58 7.46 -18.0 10 34.05 32.0 55 27.62 0.0 29 18.15
865 0 10 31 13 18 7.46 78.0 33 51.39 -26.0 38 39.55 0.0 29 17.25
866 0 10 31 21 38 7.46 -87.0 28 2.77 -42.0 43 2.63 0.0 29 16.94
867 0 11 1 5 58 7.46 -2.0 58 32.35 35.0 17 30.03 0.0 29 17.28
868 0 11 1 14 18 7.46 85.0 5 47.79 -38.0 12 22.76 0.0 29 17.98
869 0 11 1 22 38 7.46 -81.0 12 38.56 -30.0 54 58.58 0.0 29 19.31
870 0 11 2 6 58 7.46 12.0 38 55.98 34.0 31 8.18 0.0 29 21.24
871 0 11 2 15 18 7.46 92.0 32 46.05 -49.0 53 36.82 0.0 29 23.54
872 0 11 2 23 38 7.46 -75.0 11 33.79 -19.0 15 43.64 0.0 29 26.50
873 0 11 3 7 58 7.46 27.0 16 22.33 30.0 42 22.52 0.0 29 30.01
874 0 11 3 16 18 7.46 102.0 40 26.80 -61.0 30 23.96 0.0 29 33.90
875 0 11 4 0 38 7.46 -68.0 53 32.45 -7.0 51 54.08 0.0 29 38.45
876 0 11 4 8 58 7.46 40.0 1 35.14 24.0 20 38.68 0.0 29 43.52
877 0 11 4 17 18 7.46 121.0 13 4.20 -72.0 26 11.49 0.0 29 48.96
878 0 11 5 1 38 7.46 -61.0 52 3.58 3.0 7 18.72 0.0 29 55.08
879 0 11 5 9 58 7.46 50.0 47 47.12 16.0 2 29.09 0.0 30 1.64
880 0 11 5 18 18 7.46 169.0 38 47.43 -79.0 26 6.51 0.0 30 8.58
881 0 11 6 2 38 7.46 -53.0 38 14.10 13.0 27 37.67 0.0 30 16.18
882 0 11 6 10 58 7.46 59.0 54 53.95 6.0 19 26.19 0.0 30 24.16
883 0 11 6 19 18 7.46 -131.0 32 14.64 -74.0 44 41.63 0.0 30 32.52
884 0 11 7 3 38 7.46 -43.0 37 52.81 22.0 46 16.14 0.0 30 41.51
885 0 11 7 11 58 7.46 67.0 51 5.39 -4.0 25 16.75 0.0 30 50.79
886 0 11 7 20 18 7.46 -108.0 18 52.76 -63.0 53 51.04 0.0 31 0.45
887 0 11 8 4 38 7.46 -31.0 15 9.16 30.0 27 52.82 0.0 31 10.67
888 0 11 8 12 58 7.46 75.0 5 14.83 -15.0 55 24.45 0.0 31 21.10
889 0 11 8 21 18 7.46 -96.0 46 12.63 -51.0 43 57.63 0.0 31 31.88
890 0 11 9 5 38 7.46 -16.0 11 44.59 35.0 43 0.46 0.0 31 43.14
891 0 11 9 13 58 7.46 82.0 7 56.55 -27.0 59 7.83 0.0 31 54.49
892 0 11 9 22 18 7.46 -88.0 39 58.84 -39.0 9 48.22 0.0 32 6.16
893 0 11 10 6 38 7.46 0.0 55 17.24 37.0 38 6.59 0.0 32 18.18
894 0 11 10 14 58 7.46 89.0 39 49.94 -40.0 26 19.72 0.0 32 30.17
895 0 11 10 23 18 7.46 -81.0 39 55.81 -26.0 28 9.92 0.0 32 42.43
896 0 11 11 7 38 7.46 18.0 17 54.22 35.0 42 31.49 0.0 32 54.87
897 0 11 11 15 58 7.46 98.0 57 0.31 -53.0 4 28.58 0.0 33 7.15
898 0 11 12 0 18 7.46 -74.0 46 1.00 -13.0 49 59.16 0.0 33 19.61
899 0 11 12 8 38 7.46 33.0 58 57.97 30.0 9 51.44 0.0 33 32.04
900 0 11 12 16 58 7.46 113.0 25 42.55 -65.0 26 18.61 0.0 33 44.18
901 0 11 13 1 18 7.46 -67.0 18 41.68 -1.0 27 41.26 0.0 33 56.37
902 0 11 13 9 38 7.46 47.0 6 38.97 21.0 45 29.46 0.0 34 8.30
903 0 11 13 17 58 7.46 145.0 54 11.06 -75.0 41 21.64 0.0 34 19.79
904 0 11 14 2 18 7.46 -58.0 40 6.52 10.0 20 39.90 0.0 34 31.18
905 0 11 14 10 38 7.46 57.0 52 42.84 11.0 18 44.25 0.0 34 42.06
906 0 11 14 18 58 7.46 -150.0 24 18.27 -76.0 11 29.68 0.0 34 52.36
907 0 11 15 3 18 7.46 -48.0 6 13.12 21.0 6 34.01 0.0 35 2.38
908 0 11 15 11 38 7.46 66.0 54 23.42 -0.0 31 29.72 0.0 35 11.65
909 0 11 15 19 58 7.46 -115.0 4 45.70 -65.0 59 57.21 0.0 35 20.21
910 0 11 16 4 18 7.46 -34.0 48 24.69 30.0 5 3.23 0.0 35 28.31
911 0 11 16 12 38 7.46 74.0 51 57.89 -13.0 17 26.06 0.0 35 35.42
912 0 11 16 20 58 7.46 -99.0 40 39.93 -53.0 1 55.69 0.0 35 41.74
913 0 11 17 5 18 7.46 -18.0 18 7.84 36.0 11 46.80 0.0 35 47.40
914 0 11 17 13 38 7.46 82.0 25 37.64 -26.0 38 44.19 0.0 35 51.92
916 0 11 18 6 18 7.46 0.0 36 7.95 38.0 17 53.50 0.0 35 58.47
917 0 11 18 14 38 7.46 90.0 25 15.56 -40.0 18 22.21 0.0 36 0.10
918 0 11 18 22 58 7.46 -81.0 54 48.75 -25.0 48 5.21 0.0 36 0.89
919 0 11 19 7 18 7.46 19.0 26 47.36 35.0 52 3.38 0.0 36 0.77
920 0 11 19 15 38 7.46 100.0 22 33.78 -53.0 57 10.13 0.0 35 59.40
921 0 11 19 23 58 7.46 -74.0 16 47.92 -12.0 24 54.78 0.0 35 57.26
922 0 11 20 8 18 7.46 35.0 50 3.42 29.0 27 42.58 0.0 35 54.17
923 0 11 20 16 38 7.46 116.0 36 33.48 -66.0 57 26.58 0.0 35 49.92
924 0 11 21 0 58 7.46 -66.0 11 23.40 0.0 25 33.57 0.0 35 45.00
925 0 11 21 9 18 7.46 49.0 3 21.95 20.0 13 52.83 0.0 35 39.14
926 0 11 21 17 38 7.46 155.0 29 51.75 -76.0 45 15.17 0.0 35 32.30
927 0 11 22 1 58 7.46 -56.0 57 30.82 12.0 22 5.93 0.0 35 24.93
928 0 11 22 10 18 7.46 59.0 38 18.34 9.0 14 8.71 0.0 35 16.71
929 0 11 22 18 38 7.46 -140.0 57 54.02 -74.0 47 29.44 0.0 35 7.72
930 0 11 23 2 58 7.46 -45.0 52 32.64 22.0 55 19.16 0.0 34 58.36
931 0 11 23 11 18 7.46 68.0 24 54.54 -2.0 47 1.22 0.0 34 48.28
932 0 11 23 19 38 7.46 -111.0 37 10.98 -63.0 47 39.08 0.0 34 37.68
933 0 11 24 3 58 7.46 -32.0 16 2.67 31.0 23 36.58 0.0 34 26.87
934 0 11 24 12 18 7.46 76.0 9 13.90 -15.0 21 0.94 0.0 34 15.50
935 0 11 24 20 38 7.46 -98.0 11 43.13 -50.0 59 16.50 0.0 34 3.85
936 0 11 25 4 58 7.46 -15.0 55 10.92 36.0 53 50.57 0.0 33 52.15
937 0 11 25 13 18 7.46 83.0 33 36.04 -28.0 9 2.74 0.0 33 40.04
938 0 11 25 21 38 7.46 -89.0 22 48.79 -37.0 56 22.90 0.0 33 27.90
939 0 11 26 5 58 7.46 2.0 11 44.26 38.0 37 36.15 0.0 33 15.82
940 0 11 26 14 18 7.46 91.0 27 46.80 -40.0 56 53.62 0.0 33 3.51
941 0 11 26 22 38 7.46 -82.0 7 43.03 -25.0 3 0.20 0.0 32 51.37
942 0 11 27 6 58 7.46 19.0 55 50.97 36.0 22 29.32 0.0 32 39.38
943 0 11 27 15 18 7.46 101.0 17 8.09 -53.0 29 0.72 0.0 32 27.32
944 0 11 27 23 38 7.46 -75.0 16 15.05 -12.0 30 26.13 0.0 32 15.60
945 0 11 28 7 58 7.46 35.0 25 6.62 30.0 44 8.51 0.0 32 4.10
946 0 11 28 16 18 7.46 116.0 32 53.06 -65.0 14 9.70 0.0 31 52.67
947 0 11 29 0 38 7.46 -68.0 8 27.38 -0.0 27 59.23 0.0 31 41.70
948 0 11 29 8 58 7.46 48.0 8 24.18 22.0 40 21.75 0.0 31 31.01
949 0 11 29 17 18 7.46 147.0 54 27.00 -74.0 22 21.69 0.0 31 20.51
950 0 11 30 1 38 7.46 -60.0 11 18.32 10.0 52 58.36 0.0 31 10.57
951 0 11 30 9 58 7.46 58.0 31 41.61 13.0 2 20.85 0.0 31 0.93
952 0 11 30 18 18 7.46 -158.0 0 1.68 -75.0 7 19.75 0.0 30 51.59
953 0 12 1 2 38 7.46 -50.0 49 39.98 21.0 15 42.08 0.0 30 42.87
954 0 12 1 10 58 7.46 67.0 16 42.55 2.0 25 49.33 0.0 30 34.47
955 0 12 1 19 18 7.46 -123.0 28 58.59 -66.0 48 33.24 0.0 30 26.47
956 0 12 2 3 38 7.46 -39.0 24 0.32 30.0 14 10.63 0.0 30 19.12
957 0 12 2 11 58 7.46 75.0 2 59.94 -8.0 46 9.48 0.0 30 12.09
958 0 12 2 20 18 7.46 -107.0 16 48.38 -55.0 34 0.24 0.0 30 5.54
959 0 12 3 4 38 7.46 -25.0 19 25.62 37.0 9 33.48 0.0 29 59.65
960 0 12 3 12 58 7.46 82.0 26 42.08 -20.0 18 18.49 0.0 29 54.10
961 0 12 3 21 18 7.46 -97.0 26 37.40 -43.0 34 10.05 0.0 29 49.10
962 0 12 4 5 38 7.46 -8.0 36 32.05 41.0 12 41.18 0.0 29 44.74
963 0 12 4 13 58 7.46 90.0 6 53.61 -31.0 58 52.11 0.0 29 40.72
964 0 12 4 22 18 7.46 -89.0 59 34.19 -31.0 22 19.20 0.0 29 37.32
965 0 12 5 6 38 7.46 9.0 28 51.31 41.0 42 28.69 0.0 29 34.54
966 0 12 5 14 58 7.46 98.0 59 26.16 -43.0 35 18.95 0.0 29 32.11
967 0 12 5 23 18 7.46 -83.0 25 58.62 -19.0 10 53.44 0.0 29 30.33
968 0 12 6 7 38 7.46 26.0 45 56.47 38.0 34 9.38 0.0 29 29.14
969 0 12 6 15 58 7.46 110.0 49 40.06 -54.0 46 50.39 0.0 29 28.33
970 0 12 7 0 18 7.46 -77.0 0 5.33 -7.0 7 33.81 0.0 29 28.20
971 0 12 7 8 38 7.46 41.0 40 13.81 32.0 23 40.76 0.0 29 28.62
972 0 12 7 16 58 7.46 129.0 35 35.44 -64.0 42 49.55 0.0 29 29.43
973 0 12 8 1 18 7.46 -70.0 8 43.54 4.0 39 46.15 0.0 29 30.95
974 0 12 8 9 38 7.46 53.0 56 28.96 24.0 1 50.12 0.0 29 32.96
975 0 12 8 17 58 7.46 162.0 32 11.64 -70.0 58 34.95 0.0 29 35.40
976 0 12 9 2 18 7.46 -62.0 18 20.29 15.0 59 55.67 0.0 29 38.55
977 0 12 9 10 38 7.46 64.0 6 6.76 14.0 11 44.97 0.0 29 42.15
978 0 12 9 18 58 7.46 -156.0 4 0.46 -69.0 34 54.06 0.0 29 46.20
979 0 12 10 3 18 7.46 -52.0 46 57.58 26.0 34 40.46 0.0 29 50.95
981 0 12 10 19 58 7.46 -128.0 15 31.06 -61.0 30 14.27 0.0 30 1.72
982 0 12 11 4 18 7.46 -40.0 39 42.91 35.0 52 51.33 0.0 30 8.02
983 0 12 11 12 38 7.46 80.0 51 30.80 -8.0 2 28.18 0.0 30 14.67
984 0 12 11 20 58 7.46 -112.0 22 43.31 -50.0 35 12.35 0.0 30 21.81
985 0 12 12 5 18 7.46 -24.0 58 58.84 43.0 2 56.67 0.0 30 29.59
986 0 12 12 13 38 7.46 88.0 45 45.54 -19.0 51 32.78 0.0 30 37.65
987 0 12 12 21 58 7.46 -101.0 51 50.85 -38.0 34 10.65 0.0 30 46.22
988 0 12 13 6 18 7.46 -5.0 37 48.49 46.0 53 19.34 0.0 30 55.36
989 0 12 13 14 38 7.46 97.0 20 6.82 -31.0 50 0.23 0.0 31 4.72
990 0 12 13 22 58 7.46 -93.0 39 5.59 -26.0 4 0.62 0.0 31 14.59
991 0 12 14 7 18 7.46 15.0 18 14.05 46.0 23 11.91 0.0 31 24.93
992 0 12 14 15 38 7.46 107.0 46 33.24 -43.0 39 33.17 0.0 31 35.43
993 0 12 14 23 58 7.46 -86.0 19 4.45 -13.0 21 23.07 0.0 31 46.42
994 0 12 15 8 18 7.46 34.0 23 19.54 41.0 33 35.81 0.0 31 57.75
995 0 12 15 16 38 7.46 122.0 23 54.18 -54.0 44 39.82 0.0 32 9.17
996 0 12 16 0 58 7.46 -79.0 0 51.53 -0.0 37 50.62 0.0 32 21.02
997 0 12 16 9 18 7.46 49.0 51 19.85 33.0 24 12.12 0.0 32 33.07
998 0 12 16 17 38 7.46 145.0 45 43.12 -63.0 37 48.79 0.0 32 45.12
999 0 12 17 1 58 7.46 -71.0 1 29.00 11.0 53 56.38 0.0 32 57.51
1000 0 12 17 10 18 7.46 62.0 2 23.29 23.0 2 34.94 0.0 33 9.92
1001 0 12 17 18 38 7.46 -178.0 46 32.91 -67.0 3 19.50 0.0 33 22.23
1002 0 12 18 2 58 7.46 -61.0 30 52.31 23.0 54 56.43 0.0 33 34.76
1003 0 12 18 11 18 7.46 71.0 58 52.48 11.0 17 30.66 0.0 33 47.10
1004 0 12 18 19 38 7.46 -144.0 14 14.15 -62.0 31 51.67 0.0 33 59.23
1005 0 12 19 3 58 7.46 -49.0 19 40.43 34.0 51 59.55 0.0 34 11.42
1006 0 12 19 12 18 7.46 80.0 40 2.92 -1.0 19 47.20 0.0 34 23.18
1007 0 12 19 20 38 7.46 -121.0 56 18.06 -52.0 39 57.91 0.0 34 34.62
1008 0 12 20 4 58 7.46 -32.0 58 9.92 43.0 45 10.60 0.0 34 45.92
1009 0 12 20 13 18 7.46 88.0 57 24.16 -14.0 27 55.39 0.0 34 56.56
1010 0 12 20 21 38 7.46 -107.0 46 59.55 -40.0 28 35.36 0.0 35 6.76
1011 0 12 21 5 58 7.46 -11.0 34 33.66 48.0 58 21.32 0.0 35 16.58
1012 0 12 21 14 18 7.46 97.0 45 17.41 -27.0 48 27.38 0.0 35 25.53
1013 0 12 21 22 38 7.46 -97.0 25 34.07 -27.0 18 30.16 0.0 35 33.93
1014 0 12 22 6 58 7.46 12.0 29 55.81 48.0 54 34.72 0.0 35 41.72
1015 0 12 22 15 18 7.46 108.0 22 40.64 -40.0 58 27.73 0.0 35 48.46
1016 0 12 22 23 38 7.46 -88.0 39 23.77 -13.0 45 32.94 0.0 35 54.55
1017 0 12 23 7 58 7.46 34.0 7 46.94 43.0 28 25.05 0.0 35 59.81
1018 0 12 23 16 18 7.46 123.0 20 20.39 -53.0 15 55.88 0.0 36 3.91
1019 0 12 24 0 38 7.46 -80.0 14 20.90 -0.0 11 47.23 0.0 36 7.30
1020 0 12 24 8 58 7.46 50.0 49 41.68 34.0 10 45.94 0.0 36 9.69
1021 0 12 24 17 18 7.46 147.0 40 56.51 -62.0 59 18.35 0.0 36 10.88
1022 0 12 25 1 38 7.46 -71.0 14 20.59 13.0 2 23.13 0.0 36 11.33
1023 0 12 25 9 58 7.46 63.0 25 0.97 22.0 38 13.82 0.0 36 10.68
1024 0 12 25 18 18 7.46 -175.0 13 10.20 -66.0 24 20.82 0.0 36 8.88
1025 0 12 26 2 38 7.46 -60.0 39 53.21 25.0 30 49.77 0.0 36 6.37
1026 0 12 26 10 58 7.46 73.0 26 14.83 9.0 54 0.26 0.0 36 2.72
1027 0 12 26 19 18 7.46 -140.0 36 38.37 -61.0 8 40.68 0.0 35 58.06
1028 0 12 27 3 38 7.46 -47.0 14 41.23 36.0 32 55.18 0.0 35 52.75
1029 0 12 27 11 58 7.46 82.0 8 6.22 -3.0 24 22.17 0.0 35 46.37
1030 0 12 27 20 18 7.46 -119.0 9 0.23 -50.0 38 0.76 0.0 35 39.16
1031 0 12 28 4 38 7.46 -29.0 32 21.66 45.0 1 50.82 0.0 35 31.40
1032 0 12 28 12 58 7.46 90.0 29 29.26 -16.0 52 26.51 0.0 35 22.69
1033 0 12 28 21 18 7.46 -105.0 41 48.89 -38.0 7 23.27 0.0 35 13.39
1034 0 12 29 5 38 7.46 -7.0 16 1.09 49.0 23 31.80 0.0 35 3.67
1035 0 12 29 13 58 7.46 99.0 29 31.94 -30.0 10 2.47 0.0 34 53.16
1036 0 12 29 22 18 7.46 -95.0 53 40.04 -24.0 56 50.05 0.0 34 42.32
1037 0 12 30 6 38 7.46 16.0 24 57.89 48.0 27 22.70 0.0 34 31.17
1038 0 12 30 14 58 7.46 110.0 31 29.63 -42.0 52 53.48 0.0 34 19.44
1039 0 12 30 23 18 7.46 -87.0 38 41.92 -11.0 39 29.78 0.0 34 7.61
1040 0 12 31 7 38 7.46 36.0 50 56.66 42.0 42 15.53 0.0 33 55.61
1041 0 12 31 15 58 7.46 126.0 5 1.42 -54.0 17 24.01 0.0 33 43.23
1042 1 1 1 0 18 7.46 -79.0 48 51.03 1.0 26 38.57 0.0 33 30.96
1043 1 1 1 8 38 7.46 52.0 31 46.15 33.0 45 35.97 0.0 33 18.62
1044 1 1 1 16 58 7.46 150.0 25 20.67 -62.0 45 0.48 0.0 33 6.11
1045 1 1 2 1 18 7.46 -71.0 34 45.75 14.0 7 16.57 0.0 32 53.88
1046 1 1 2 9 38 7.46 64.0 31 11.19 23.0 2 49.57 0.0 32 41.67
1047 1 1 2 17 58 7.46 -175.0 30 28.99 -65.0 12 56.47 0.0 32 29.48
1048 1 1 3 2 18 7.46 -62.0 6 9.30 26.0 5 27.46 0.0 32 17.71
1049 1 1 3 10 38 7.46 74.0 14 1.39 11.0 26 9.93 0.0 32 6.02
1050 1 1 3 18 58 7.46 -144.0 32 56.40 -60.0 20 29.56 0.0 31 54.53
1051 1 1 4 3 18 7.46 -50.0 18 27.71 36.0 54 51.37 0.0 31 43.53
1052 1 1 4 11 38 7.46 82.0 46 2.90 -0.0 34 27.80 0.0 31 32.69
1053 1 1 4 19 58 7.46 -124.0 24 26.73 -50.0 55 39.02 0.0 31 22.18
1054 1 1 5 4 18 7.46 -34.0 48 23.13 45.0 49 53.86 0.0 31 12.22
1055 1 1 5 12 38 7.46 90.0 58 9.39 -12.0 40 3.55 0.0 31 2.47
1056 1 1 5 20 58 7.46 -111.0 25 1.43 -39.0 34 28.70 0.0 30 53.16
1057 1 1 6 5 18 7.46 -14.0 33 12.00 51.0 36 51.66 0.0 30 44.43
1058 1 1 6 13 38 7.46 99.0 38 25.60 -24.0 34 59.37 0.0 30 35.95
1059 1 1 6 21 58 7.46 -102.0 1 1.08 -27.0 26 7.61 0.0 30 28.01
1060 1 1 7 6 18 7.46 8.0 59 0.69 52.0 53 49.55 0.0 30 20.64
1061 1 1 7 14 38 7.46 109.0 46 21.23 -36.0 0 35.92 0.0 30 13.57
1062 1 1 7 22 58 7.46 -94.0 20 14.28 -14.0 59 30.61 0.0 30 7.11
1063 1 1 8 7 18 7.46 31.0 12 17.35 49.0 21 51.29 0.0 30 1.20
1064 1 1 8 15 38 7.46 122.0 51 25.67 -46.0 26 10.50 0.0 29 55.63
1065 1 1 8 23 58 7.46 -87.0 21 7.94 -2.0 28 57.98 0.0 29 50.73
1066 1 1 9 8 18 7.46 48.0 56 17.71 42.0 9 45.75 0.0 29 46.35
1067 1 1 9 16 38 7.46 141.0 6 4.85 -54.0 52 31.81 0.0 29 42.34
1068 1 1 10 0 58 7.46 -80.0 21 26.83 9.0 55 51.37 0.0 29 39.04
1069 1 1 10 9 18 7.46 62.0 24 48.69 32.0 44 25.76 0.0 29 36.23
1070 1 1 10 17 38 7.46 166.0 4 53.87 -59.0 34 16.06 0.0 29 33.84
1071 1 1 11 1 58 7.46 -72.0 41 12.58 22.0 5 8.51 0.0 29 32.16
1072 1 1 11 10 18 7.46 73.0 2 3.19 22.0 5 41.70 0.0 29 30.95
1073 1 1 11 18 38 7.46 -166.0 3 38.51 -58.0 45 9.43 0.0 29 30.19
1074 1 1 12 2 58 7.46 -63.0 28 54.28 33.0 44 28.50 0.0 29 30.15
1075 1 1 12 11 18 7.46 82.0 2 0.55 10.0 48 26.80 0.0 29 30.54
1076 1 1 12 19 38 7.46 -142.0 59 43.49 -52.0 45 39.47 0.0 29 31.42
1077 1 1 13 3 58 7.46 -51.0 24 20.12 44.0 27 28.99 0.0 29 33.02
1078 1 1 13 12 18 7.46 90.0 19 33.56 -0.0 46 1.11 0.0 29 35.01
1079 1 1 13 20 38 7.46 -126.0 39 7.66 -43.0 32 32.52 0.0 29 37.53
1080 1 1 14 4 58 7.46 -34.0 23 8.62 53.0 21 9.40 0.0 29 40.74
1081 1 1 14 13 18 7.46 98.0 39 48.90 -12.0 21 50.25 0.0 29 44.31
1082 1 1 14 21 38 7.46 -114.0 56 54.46 -32.0 37 22.05 0.0 29 48.46
1083 1 1 15 5 58 7.46 -10.0 32 54.20 58.0 46 22.90 0.0 29 53.25
1084 1 1 15 14 18 7.46 107.0 49 8.51 -23.0 42 46.58 0.0 29 58.37
1085 1 1 15 22 38 7.46 -105.0 53 15.72 -20.0 48 4.58 0.0 30 4.09
1086 1 1 16 6 58 7.46 17.0 18 43.13 58.0 47 56.78 0.0 30 10.40
1087 1 1 16 15 18 7.46 118.0 46 49.82 -34.0 26 4.77 0.0 30 17.02
1088 1 1 16 23 38 7.46 -98.0 11 49.87 -8.0 28 49.05 0.0 30 24.26
1089 1 1 17 7 58 7.46 41.0 26 20.22 53.0 22 35.92 0.0 30 32.01
1090 1 1 17 16 18 7.46 132.0 55 49.93 -43.0 53 1.26 0.0 30 40.05
1091 1 1 18 0 38 7.46 -91.0 2 4.81 4.0 6 37.16 0.0 30 48.70
1092 1 1 18 8 58 7.46 58.0 52 35.84 44.0 22 47.96 0.0 30 57.78
1093 1 1 18 17 18 7.46 151.0 50 28.99 -50.0 55 14.51 0.0 31 7.12
1094 1 1 19 1 38 7.46 -83.0 42 11.17 16.0 47 54.65 0.0 31 17.05
1095 1 1 19 9 58 7.46 71.0 28 39.00 33.0 28 41.78 0.0 31 27.29
1096 1 1 19 18 18 7.46 175.0 30 34.77 -53.0 54 5.19 0.0 31 37.76
1097 1 1 20 2 38 7.46 -75.0 24 8.89 29.0 23 27.03 0.0 31 48.77
1098 1 1 20 10 58 7.46 81.0 22 27.25 21.0 35 15.55 0.0 31 59.96
1099 1 1 20 19 18 7.46 -160.0 9 3.74 -51.0 41 5.32 0.0 32 11.34
1100 1 1 21 3 38 7.46 -64.0 53 23.17 41.0 34 0.93 0.0 32 23.17
1101 1 1 21 11 58 7.46 89.0 59 28.81 9.0 11 33.85 0.0 32 35.03
1102 1 1 21 20 18 7.46 -140.0 0 13.52 -44.0 53 10.39 0.0 32 47.02
1103 1 1 22 4 38 7.46 -49.0 51 40.55 52.0 38 37.87 0.0 32 59.33
1104 1 1 22 12 58 7.46 98.0 18 47.57 -3.0 23 40.13 0.0 33 11.51
1105 1 1 22 21 18 7.46 -124.0 53 54.50 -35.0 4 19.09 0.0 33 23.74
1106 1 1 23 5 38 7.46 -26.0 24 13.28 61.0 0 12.29 0.0 33 36.11
1107 1 1 23 13 58 7.46 107.0 12 1.57 -15.0 53 12.01 0.0 33 48.17
1108 1 1 23 22 18 7.46 -113.0 23 7.81 -23.0 29 16.34 0.0 34 0.19
1109 1 1 24 6 38 7.46 6.0 33 49.81 63.0 34 33.08 0.0 34 12.14
1110 1 1 24 14 58 7.46 117.0 39 22.24 -27.0 54 0.77 0.0 34 23.58
1111 1 1 24 23 18 7.46 -103.0 58 6.45 -10.0 52 15.00 0.0 34 34.87
1112 1 1 25 7 38 7.46 37.0 28 45.58 58.0 39 48.85 0.0 34 45.84
1113 1 1 25 15 58 7.46 131.0 4 43.59 -38.0 47 15.54 0.0 34 56.13
1114 1 1 26 0 18 7.46 -95.0 32 16.22 2.0 20 29.25 0.0 35 6.12
1115 1 1 26 8 38 7.46 58.0 17 0.94 48.0 44 26.02 0.0 35 15.54
1116 1 1 26 16 58 7.46 149.0 15 38.44 -47.0 22 18.40 0.0 35 24.11
1117 1 1 27 1 18 7.46 -87.0 11 30.54 15.0 50 7.29 0.0 35 32.25
1118 1 1 27 9 38 7.46 72.0 2 50.24 36.0 29 22.15 0.0 35 39.57
1119 1 1 27 17 58 7.46 172.0 55 25.08 -51.0 47 31.15 0.0 35 45.92
1120 1 1 28 2 18 7.46 -77.0 57 0.27 29.0 17 55.50 0.0 35 51.70
1121 1 1 28 10 38 7.46 82.0 19 5.50 23.0 13 18.76 0.0 35 56.45
1122 1 1 28 18 58 7.46 -161.0 34 15.36 -50.0 26 24.39 0.0 36 0.16
1123 1 1 29 3 18 7.46 -66.0 19 40.57 42.0 16 47.07 0.0 36 3.20
1124 1 1 29 11 38 7.46 91.0 5 36.35 9.0 33 57.92 0.0 36 5.06
1125 1 1 29 19 58 7.46 -140.0 2 14.06 -43.0 44 28.09 0.0 36 5.89
1126 1 1 30 4 18 7.46 -49.0 33 46.88 53.0 53 14.35 0.0 36 5.96
1127 1 1 30 12 38 7.46 99.0 34 52.26 -4.0 4 48.27 0.0 36 4.80
1128 1 1 30 20 58 7.46 -124.0 2 51.23 -33.0 34 26.03 0.0 36 2.68
1129 1 1 31 5 18 7.46 -23.0 10 45.99 62.0 4 59.63 0.0 35 59.78
1130 1 1 31 13 38 7.46 108.0 45 43.42 -17.0 20 56.90 0.0 35 55.66
1131 1 1 31 21 58 7.46 -112.0 5 34.34 -21.0 32 2.09 0.0 35 50.74
1132 1 2 1 6 18 7.46 12.0 4 42.39 63.0 25 33.42 0.0 35 45.06
1133 1 2 1 14 38 7.46 119.0 44 29.90 -29.0 45 59.67 0.0 35 38.27
1134 1 2 1 22 58 7.46 -102.0 29 26.03 -8.0 33 47.49 0.0 35 30.86
1135 1 2 2 7 18 7.46 41.0 57 52.44 57.0 9 50.01 0.0 35 22.77
1136 1 2 2 15 38 7.46 133.0 59 31.39 -40.0 34 28.13 0.0 35 13.74
1137 1 2 2 23 58 7.46 -94.0 1 27.22 4.0 47 58.63 0.0 35 4.30
1138 1 2 3 8 18 7.46 61.0 11 10.68 46.0 38 18.48 0.0 34 54.28
1139 1 2 3 16 38 7.46 153.0 7 17.18 -48.0 29 45.68 0.0 34 43.55
1140 1 2 4 0 58 7.46 -85.0 45 22.48 18.0 12 12.79 0.0 34 32.62
1141 1 2 4 9 18 7.46 74.0 1 43.87 34.0 25 20.91 0.0 34 21.23
1142 1 2 4 17 38 7.46 176.0 55 47.04 -51.0 47 41.05 0.0 34 9.37
1143 1 2 5 1 58 7.46 -76.0 43 47.47 31.0 20 56.64 0.0 33 57.50
1144 1 2 5 10 18 7.46 83.0 49 55.99 21.0 38 39.55 0.0 33 45.30
1145 1 2 5 18 38 7.46 -159.0 1 45.21 -49.0 28 58.73 0.0 33 32.88
1146 1 2 6 2 58 7.46 -65.0 34 14.20 43.0 51 22.52 0.0 33 20.61
1147 1 2 6 11 18 7.46 92.0 21 27.75 8.0 49 26.78 0.0 33 8.13
1148 1 2 6 19 38 7.46 -139.0 32 19.00 -42.0 31 57.35 0.0 32 55.65
1149 1 2 7 3 58 7.46 -49.0 47 44.20 55.0 1 7.42 0.0 32 43.44
1150 1 2 7 12 18 7.46 100.0 39 13.88 -3.0 43 17.83 0.0 32 31.15
1151 1 2 7 20 38 7.46 -125.0 10 27.69 -32.0 45 8.96 0.0 32 19.05
1152 1 2 8 4 58 7.46 -25.0 13 59.70 63.0 13 56.70 0.0 32 7.31
1153 1 2 8 13 18 7.46 109.0 32 27.83 -15.0 42 36.18 0.0 31 55.59
1154 1 2 8 21 38 7.46 -114.0 25 13.60 -21.0 28 13.66 0.0 31 44.22
1155 1 2 9 5 58 7.46 8.0 50 15.92 65.0 34 43.85 0.0 31 33.26
1156 1 2 9 14 18 7.46 119.0 52 2.56 -26.0 47 3.08 0.0 31 22.43
1157 1 2 9 22 38 7.46 -105.0 50 20.92 -9.0 25 39.58 0.0 31 12.07
1158 1 2 10 6 58 7.46 39.0 46 32.29 60.0 51 27.89 0.0 31 2.15
1159 1 2 10 15 18 7.46 132.0 37 45.77 -36.0 23 56.85 0.0 30 52.44
1160 1 2 10 23 38 7.46 -98.0 25 47.91 2.0 58 33.02 0.0 30 43.30
1161 1 2 11 7 58 7.46 60.0 10 25.13 51.0 48 12.98 0.0 30 34.60
1162 1 2 11 16 18 7.46 148.0 47 50.22 -43.0 42 7.99 0.0 30 26.19
1163 1 2 12 0 38 7.46 -91.0 27 48.67 15.0 30 18.17 0.0 30 18.42
1164 1 2 12 8 58 7.46 73.0 36 46.55 40.0 56 16.55 0.0 30 11.09
1165 1 2 12 17 18 7.46 168.0 23 37.06 -47.0 34 7.44 0.0 30 4.10
1166 1 2 13 1 38 7.46 -84.0 16 12.35 27.0 59 25.31 0.0 29 57.81
1167 1 2 13 9 58 7.46 83.0 36 0.02 29.0 24 8.52 0.0 29 51.93
1168 1 2 13 18 18 7.46 -170.0 46 55.34 -47.0 8 35.64 0.0 29 46.47
1169 1 2 14 2 38 7.46 -75.0 59 13.11 40.0 15 14.01 0.0 29 41.71
1170 1 2 14 10 58 7.46 92.0 0 25.58 17.0 42 3.36 0.0 29 37.35
1171 1 2 14 19 18 7.46 -152.0 4 46.87 -42.0 36 35.95 0.0 29 33.48
1172 1 2 15 3 38 7.46 -65.0 4 58.46 52.0 0 6.25 0.0 29 30.30
1173 1 2 15 11 58 7.46 99.0 52 53.34 6.0 6 53.57 0.0 29 27.51
1174 1 2 15 20 18 7.46 -137.0 6 44.50 -35.0 1 34.74 0.0 29 25.25
1175 1 2 16 4 38 7.46 -48.0 12 16.20 62.0 32 15.18 0.0 29 23.68
1176 1 2 16 12 58 7.46 107.0 56 43.81 -5.0 7 52.02 0.0 29 22.47
1177 1 2 16 21 18 7.46 -125.0 30 39.38 -25.0 29 40.27 0.0 29 21.85
1178 1 2 17 5 38 7.46 -18.0 39 48.05 69.0 53 7.84 0.0 29 21.89
1179 1 2 17 13 58 7.46 116.0 50 32.26 -15.0 46 56.26 0.0 29 22.29
1180 1 2 17 22 18 7.46 -116.0 18 0.55 -14.0 46 32.35 0.0 29 23.31
1181 1 2 18 6 38 7.46 22.0 22 9.55 70.0 11 5.54 0.0 29 24.95
1182 1 2 18 14 58 7.46 127.0 15 38.44 -25.0 28 49.00 0.0 29 26.95
1183 1 2 18 23 18 7.46 -108.0 36 34.69 -3.0 19 34.33 0.0 29 29.60
1184 1 2 19 7 38 7.46 52.0 59 46.20 63.0 15 47.93 0.0 29 32.82
1185 1 2 19 15 58 7.46 139.0 56 30.29 -33.0 40 55.56 0.0 29 36.40
1186 1 2 20 0 18 7.46 -101.0 46 14.27 8.0 35 2.92 0.0 29 40.66
1187 1 2 20 8 38 7.46 70.0 35 45.65 53.0 1 58.22 0.0 29 45.42
1188 1 2 20 16 58 7.46 155.0 25 5.48 -39.0 36 14.14 0.0 29 50.55
1189 1 2 21 1 18 7.46 -95.0 13 26.92 20.0 47 6.42 0.0 29 56.36
1190 1 2 21 9 38 7.46 81.0 59 31.23 41.0 36 50.05 0.0 30 2.62
1191 1 2 21 17 58 7.46 173.0 19 14.79 -42.0 19 54.60 0.0 30 9.24
1192 1 2 22 2 18 7.46 -88.0 22 17.25 33.0 8 48.68 0.0 30 16.53
1193 1 2 22 10 38 7.46 90.0 43 48.94 29.0 45 42.14 0.0 30 24.20
1194 1 2 22 18 58 7.46 -168.0 9 49.94 -41.0 15 33.31 0.0 30 32.23
1195 1 2 23 3 18 7.46 -80.0 18 22.30 45.0 31 21.50 0.0 30 40.89
1196 1 2 23 11 38 7.46 98.0 25 48.05 17.0 48 15.76 0.0 30 49.85
1197 1 2 23 19 58 7.46 -151.0 19 48.32 -36.0 32 22.07 0.0 30 59.17
1198 1 2 24 4 18 7.46 -69.0 6 2.97 57.0 37 59.91 0.0 31 9.05
1199 1 2 24 12 38 7.46 105.0 59 52.54 5.0 57 24.80 0.0 31 19.14
1200 1 2 24 20 58 7.46 -137.0 19 19.43 -28.0 56 2.51 0.0 31 29.57
1201 1 2 25 5 18 7.46 -49.0 20 22.18 68.0 38 20.99 0.0 31 40.47
1202 1 2 25 13 38 7.46 114.0 7 3.73 -5.0 33 32.11 0.0 31 51.47
1203 1 2 25 21 58 7.46 -125.0 59 12.45 -19.0 17 25.70 0.0 32 2.78
1204 1 2 26 6 18 7.46 -7.0 21 5.60 75.0 13 19.48 0.0 32 14.43
1205 1 2 26 14 38 7.46 123.0 28 19.33 -16.0 26 2.07 0.0 32 26.05
1206 1 2 26 22 58 7.46 -116.0 38 50.31 -8.0 15 18.56 0.0 32 37.93
1207 1 2 27 7 18 7.46 42.0 26 34.08 71.0 23 9.29 0.0 32 49.99
1208 1 2 27 15 38 7.46 134.0 50 40.68 -26.0 10 52.17 0.0 33 1.88
1209 1 2 27 23 58 7.46 -108.0 35 37.06 3.0 44 27.98 0.0 33 13.95
1210 1 2 28 8 18 7.46 67.0 43 27.66 60.0 49 45.12 0.0 33 25.99
1211 1 2 28 16 38 7.46 149.0 2 24.38 -34.0 1 53.20 0.0 33 37.73
1212 1 3 1 0 58 7.46 -101.0 11 11.85 16.0 24 40.14 0.0 33 49.51
1213 1 3 1 9 18 7.46 81.0 7 7.25 48.0 18 33.08 0.0 34 1.05
1214 1 3 1 17 38 7.46 166.0 21 32.31 -38.0 54 33.61 0.0 34 12.13
1215 1 3 2 1 58 7.46 -93.0 46 10.97 29.0 32 21.38 0.0 34 23.12
1216 1 3 2 10 18 7.46 90.0 25 37.15 35.0 9 39.08 0.0 34 33.60
1217 1 3 2 18 38 7.46 -174.0 22 12.40 -39.0 45 8.81 0.0 34 43.49
1218 1 3 3 2 58 7.46 -85.0 24 55.32 42.0 54 43.52 0.0 34 53.11
1219 1 3 3 11 18 7.46 98.0 19 58.53 21.0 50 26.23 0.0 35 1.98
1220 1 3 3 19 38 7.46 -155.0 45 30.16 -36.0 12 53.36 0.0 35 10.15
1221 1 3 4 3 58 7.46 -74.0 11 27.93 56.0 11 56.52 0.0 35 17.84
1222 1 3 4 12 18 7.46 106.0 3 18.71 8.0 38 6.50 0.0 35 24.58
1223 1 3 4 20 38 7.46 -139.0 53 7.06 -28.0 56 51.01 0.0 35 30.51
1224 1 3 5 4 58 7.46 -54.0 19 26.96 68.0 30 35.20 0.0 35 35.80
1225 1 3 5 13 18 7.46 114.0 24 36.46 -4.0 9 15.11 0.0 35 39.96
1226 1 3 5 21 38 7.46 -127.0 6 39.01 -19.0 2 4.51 0.0 35 43.28
1227 1 3 6 5 58 7.46 -8.0 24 16.72 76.0 1 12.31 0.0 35 45.80
1228 1 3 6 14 18 7.46 124.0 10 35.78 -16.0 6 53.73 0.0 35 47.10
1229 1 3 6 22 38 7.46 -116.0 47 0.54 -7.0 25 17.93 0.0 35 47.56
1230 1 3 7 6 58 7.46 45.0 42 5.88 71.0 13 3.37 0.0 35 47.14
1231 1 3 7 15 18 7.46 136.0 13 33.97 -26.0 37 30.47 0.0 35 45.47
1232 1 3 7 23 38 7.46 -108.0 3 45.84 5.0 13 34.45 0.0 35 43.04
1233 1 3 8 7 58 7.46 70.0 11 15.99 59.0 28 27.61 0.0 35 39.68
1234 1 3 8 16 18 7.46 151.0 22 21.85 -34.0 45 25.82 0.0 35 35.17
1235 1 3 9 0 38 7.46 -100.0 10 48.51 18.0 27 31.10 0.0 35 30.00
1236 1 3 9 8 58 7.46 82.0 55 29.67 46.0 12 10.39 0.0 35 23.92
1237 1 3 9 17 18 7.46 169.0 38 27.08 -39.0 20 0.58 0.0 35 16.85
1238 1 3 10 1 38 7.46 -92.0 22 22.52 31.0 56 56.41 0.0 35 9.27
1239 1 3 10 9 58 7.46 91.0 56 21.33 32.0 41 32.90 0.0 35 0.86
1240 1 3 10 18 18 7.46 -170.0 44 45.00 -39.0 26 5.37 0.0 34 51.68
1241 1 3 11 2 38 7.46 -83.0 36 3.64 45.0 24 37.33 0.0 34 42.15
1242 1 3 11 10 58 7.46 99.0 44 16.34 19.0 22 58.05 0.0 34 31.91
1243 1 3 11 19 18 7.46 -152.0 40 37.47 -35.0 8 33.25 0.0 34 21.15
1244 1 3 12 3 38 7.46 -71.0 43 35.11 58.0 27 38.08 0.0 34 10.20
1245 1 3 12 11 58 7.46 107.0 25 30.50 6.0 32 50.30 0.0 33 58.69
1246 1 3 12 20 18 7.46 -137.0 50 5.50 -27.0 28 59.95 0.0 33 46.91
1247 1 3 13 4 38 7.46 -50.0 25 31.89 70.0 8 12.05 0.0 33 35.09
1248 1 3 13 12 58 7.46 115.0 43 8.44 -5.0 32 48.38 0.0 33 22.87
1249 1 3 13 21 18 7.46 -126.0 8 30.00 -17.0 39 0.10 0.0 33 10.61
1250 1 3 14 5 38 7.46 -2.0 53 20.60 76.0 31 5.89 0.0 32 58.43
1251 1 3 14 13 58 7.46 125.0 15 44.77 -16.0 33 41.90 0.0 32 46.02
1252 1 3 14 22 18 7.46 -116.0 48 2.58 -6.0 31 56.69 0.0 32 33.77
1253 1 3 15 6 38 7.46 47.0 49 12.45 71.0 28 55.08 0.0 32 21.69
1254 1 3 15 14 58 7.46 136.0 42 10.03 -26.0 1 19.25 0.0 32 9.53
1255 1 3 15 23 18 7.46 -109.0 0 17.67 5.0 18 23.83 0.0 31 57.71
1256 1 3 16 7 38 7.46 70.0 52 39.13 60.0 41 11.08 0.0 31 46.12
1257 1 3 16 15 58 7.46 150.0 33 8.88 -33.0 16 5.10 0.0 31 34.60
1258 1 3 17 0 18 7.46 -102.0 5 38.37 17.0 31 25.65 0.0 31 23.53
1259 1 3 17 8 38 7.46 83.0 8 8.09 48.0 40 26.38 0.0 31 12.75
1260 1 3 17 16 58 7.46 166.0 43 33.80 -37.0 31 6.55 0.0 31 2.15
1261 1 3 18 1 18 7.46 -95.0 29 15.27 29.0 54 5.40 0.0 30 52.11
1262 1 3 18 9 38 7.46 91.0 46 33.64 36.0 30 33.98 0.0 30 42.37
1263 1 3 18 17 58 7.46 -175.0 59 15.09 -38.0 10 27.04 0.0 30 32.93
1264 1 3 19 2 18 7.46 -88.0 31 4.08 42.0 16 51.30 0.0 30 24.10
1265 1 3 19 10 38 7.46 99.0 6 15.89 24.0 31 39.43 0.0 30 15.59
1266 1 3 19 18 58 7.46 -159.0 33 29.75 -35.0 13 50.75 0.0 30 7.47
1267 1 3 20 3 18 7.46 -80.0 2 49.40 54.0 29 44.60 0.0 29 59.99
1268 1 3 20 11 38 7.46 106.0 7 4.56 12.0 54 34.52 0.0 29 52.85
1269 1 3 20 19 58 7.46 -145.0 24 49.85 -29.0 18 32.29 0.0 29 46.17
1270 1 3 21 4 18 7.46 -67.0 10 29.79 66.0 13 11.12 0.0 29 40.15
1271 1 3 21 12 38 7.46 113.0 25 2.73 1.0 49 5.26 0.0 29 34.46
1272 1 3 21 20 58 7.46 -133.0 50 14.02 -21.0 14 55.89 0.0 29 29.31
1273 1 3 22 5 18 7.46 -39.0 20 31.96 76.0 11 58.43 0.0 29 24.80
1274 1 3 22 13 38 7.46 121.0 29 37.84 -8.0 32 42.22 0.0 29 20.63
1275 1 3 22 21 58 7.46 -124.0 24 56.02 -11.0 45 44.32 0.0 29 17.06
1276 1 3 23 6 18 7.46 22.0 30 58.58 78.0 32 53.83 0.0 29 14.10
1277 1 3 23 14 38 7.46 130.0 49 50.89 -17.0 53 40.55 0.0 29 11.50
1278 1 3 23 22 58 7.46 -116.0 34 9.28 -1.0 20 35.04 0.0 29 9.54
1279 1 3 24 7 18 7.46 62.0 38 59.89 70.0 27 58.29 0.0 29 8.15
1280 1 3 24 15 38 7.46 141.0 54 1.56 -25.0 49 5.26 0.0 29 7.14
1281 1 3 24 23 58 7.46 -109.0 46 18.08 9.0 41 32.27 0.0 29 6.80
1282 1 3 25 8 18 7.46 79.0 0 19.32 59.0 26 1.25 0.0 29 6.99
1283 1 3 25 16 38 7.46 155.0 0 39.87 -31.0 45 22.23 0.0 29 7.58
1284 1 3 26 0 58 7.46 -103.0 34 17.31 21.0 8 36.67 0.0 29 8.85
1285 1 3 26 9 18 7.46 88.0 34 19.29 47.0 48 32.03 0.0 29 10.62
1286 1 3 26 17 38 7.46 169.0 58 4.41 -35.0 4 18.48 0.0 29 12.80
1287 1 3 27 1 58 7.46 -97.0 31 47.38 32.0 52 42.54 0.0 29 15.68
1288 1 3 27 10 18 7.46 95.0 52 36.77 36.0 5 8.79 0.0 29 19.00
1289 1 3 27 18 38 7.46 -174.0 13 12.18 -35.0 16 38.99 0.0 29 22.76
1290 1 3 28 2 58 7.46 -91.0 4 47.92 44.0 47 43.67 0.0 29 27.20
1291 1 3 28 11 18 7.46 102.0 26 18.47 24.0 26 57.40 0.0 29 32.03
1292 1 3 28 19 38 7.46 -159.0 2 3.53 -32.0 18 41.70 0.0 29 37.33
1293 1 3 29 3 58 7.46 -83.0 8 54.90 56.0 46 35.32 0.0 29 43.28
1294 1 3 29 12 18 7.46 108.0 59 34.64 13.0 1 54.31 0.0 29 49.58
1295 1 3 29 20 38 7.46 -145.0 36 15.70 -26.0 34 22.47 0.0 29 56.34
1296 1 3 30 4 58 7.46 -70.0 39 5.01 68.0 33 3.30 0.0 30 3.73
1297 1 3 30 13 18 7.46 116.0 3 16.84 1.0 59 13.70 0.0 30 11.40
1298 1 3 30 21 38 7.46 -134.0 15 46.96 -18.0 40 18.20 0.0 30 19.55
1299 1 3 31 5 58 7.46 -39.0 29 18.92 78.0 47 19.74 0.0 30 28.25
1300 1 3 31 14 18 7.46 124.0 6 35.33 -8.0 27 41.29 0.0 30 37.17
1301 1 3 31 22 38 7.46 -124.0 46 18.92 -9.0 10 38.29 0.0 30 46.57
1302 1 4 1 6 58 7.46 35.0 41 33.76 79.0 23 55.17 0.0 30 56.43
1303 1 4 1 15 18 7.46 133.0 41 35.76 -17.0 58 6.80 0.0 31 6.44
1304 1 4 1 23 38 7.46 -116.0 41 3.39 1.0 28 47.53 0.0 31 16.90
1305 1 4 2 7 58 7.46 70.0 30 5.92 69.0 15 36.27 0.0 31 27.70
1306 1 4 2 16 18 7.46 145.0 21 50.22 -26.0 0 13.56 0.0 31 38.59
1307 1 4 3 0 38 7.46 -109.0 32 3.48 13.0 0 0.73 0.0 31 49.86
1308 1 4 3 8 58 7.46 83.0 58 10.54 57.0 2 22.61 0.0 32 1.32
1309 1 4 3 17 18 7.46 159.0 28 47.05 -31.0 49 2.20 0.0 32 12.78
1310 1 4 4 1 38 7.46 -102.0 51 58.71 25.0 10 30.54 0.0 32 24.55
1311 1 4 4 9 58 7.46 92.0 28 51.95 44.0 20 54.40 0.0 32 36.33
1312 1 4 4 18 18 7.46 175.0 41 47.53 -34.0 32 50.43 0.0 32 48.00
1313 1 4 5 2 38 7.46 -96.0 9 13.01 37.0 50 45.56 0.0 32 59.86
1314 1 4 5 10 58 7.46 99.0 32 30.06 31.0 32 3.88 0.0 33 11.53
1315 1 4 5 19 18 7.46 -167.0 23 44.58 -33.0 34 51.25 0.0 33 22.98
1316 1 4 6 3 38 7.46 -88.0 32 5.95 50.0 51 32.30 0.0 33 34.46
1317 1 4 6 11 58 7.46 106.0 22 40.68 18.0 47 37.56 0.0 33 45.53
1318 1 4 6 20 18 7.46 -151.0 38 55.24 -28.0 56 40.39 0.0 33 56.26
1319 1 4 7 4 38 7.46 -77.0 48 32.70 63.0 58 10.12 0.0 34 6.83
1320 1 4 7 12 58 7.46 113.0 41 7.80 6.0 20 23.97 0.0 34 16.77
1321 1 4 7 21 18 7.46 -138.0 10 32.38 -21.0 15 26.00 0.0 34 26.25
1322 1 4 8 5 38 7.46 -54.0 19 22.20 76.0 18 3.79 0.0 34 35.36
1323 1 4 8 13 58 7.46 122.0 3 41.93 -5.0 31 34.00 0.0 34 43.62
1324 1 4 8 22 18 7.46 -127.0 3 14.61 -11.0 19 30.22 0.0 34 51.32
1325 1 4 9 6 38 7.46 22.0 33 6.93 80.0 47 29.56 0.0 34 58.42
1326 1 4 9 14 58 7.46 132.0 9 5.31 -16.0 20 55.05 0.0 35 4.52
1327 1 4 9 23 18 7.46 -117.0 48 45.25 0.0 9 21.38 0.0 35 9.95
1328 1 4 10 7 38 7.46 69.0 0 24.07 70.0 27 7.06 0.0 35 14.60
1329 1 4 10 15 58 7.46 144.0 37 47.23 -25.0 26 25.49 0.0 35 18.12
1330 1 4 11 0 18 7.46 -109.0 51 16.36 12.0 40 7.11 0.0 35 20.93
1331 1 4 11 8 38 7.46 84.0 5 37.39 57.0 6 47.39 0.0 35 22.79
1332 1 4 11 16 58 7.46 159.0 53 24.14 -31.0 51 19.95 0.0 35 23.50
1333 1 4 12 1 18 7.46 -102.0 35 22.80 25.0 50 16.67 0.0 35 23.48
1334 1 4 12 9 38 7.46 93.0 6 10.36 43.0 24 6.53 0.0 35 22.43
1335 1 4 12 17 58 7.46 177.0 21 2.62 -34.0 35 5.26 0.0 35 20.27
1336 1 4 13 2 18 7.46 -95.0 21 29.15 39.0 22 34.18 0.0 35 17.41
1337 1 4 13 10 38 7.46 100.0 29 6.98 29.0 48 11.38 0.0 35 13.49
1338 1 4 13 18 58 7.46 -164.0 53 56.98 -33.0 5 32.51 0.0 35 8.60
1339 1 4 14 3 18 7.46 -87.0 5 35.10 53.0 1 26.80 0.0 35 3.08
1340 1 4 14 11 38 7.46 107.0 36 43.01 16.0 34 52.94 0.0 34 56.57
1341 1 4 14 19 58 7.46 -148.0 59 12.03 -27.0 44 12.26 0.0 34 49.26
1342 1 4 15 4 18 7.46 -74.0 56 39.07 66.0 25 21.01 0.0 34 41.43
1343 1 4 15 12 38 7.46 115.0 11 48.70 3.0 59 26.33 0.0 34 32.72
1344 1 4 15 20 58 7.46 -135.0 50 39.19 -19.0 29 11.10 0.0 34 23.45
1345 1 4 16 5 18 7.46 -45.0 17 21.76 78.0 16 47.44 0.0 34 13.78
1346 1 4 16 13 38 7.46 123.0 48 22.68 -7.0 39 34.49 0.0 34 3.39
1347 1 4 16 21 58 7.46 -125.0 15 12.90 -9.0 20 15.14 0.0 33 52.68
1348 1 4 17 6 18 7.46 35.0 55 54.71 79.0 38 27.20 0.0 33 41.70
1349 1 4 17 14 38 7.46 133.0 59 45.50 -17.0 57 13.56 0.0 33 30.19
1350 1 4 17 22 58 7.46 -116.0 34 19.41 1.0 57 55.87 0.0 33 18.57
1351 1 4 18 7 18 7.46 71.0 49 19.26 68.0 44 29.16 0.0 33 6.82
1352 1 4 18 15 38 7.46 146.0 16 1.89 -26.0 19 34.13 0.0 32 54.73
1353 1 4 18 23 58 7.46 -109.0 9 1.28 13.0 55 55.12 0.0 32 42.73
1354 1 4 19 8 18 7.46 84.0 56 25.98 56.0 5 7.20 0.0 32 30.71
1355 1 4 19 16 38 7.46 160.0 47 28.62 -32.0 4 24.47 0.0 32 18.54
1356 1 4 20 0 58 7.46 -102.0 24 51.43 26.0 14 52.03 0.0 32 6.63
1357 1 4 20 9 18 7.46 93.0 10 54.98 43.0 21 37.34 0.0 31 54.77
1358 1 4 20 17 38 7.46 176.0 56 45.88 -34.0 31 48.98 0.0 31 42.95
1359 1 4 21 1 58 7.46 -95.0 46 56.50 38.0 42 15.64 0.0 31 31.51
1360 1 4 21 10 18 7.46 99.0 57 47.55 30.0 53 11.69 0.0 31 20.20
1361 1 4 21 18 38 7.46 -166.0 47 3.44 -33.0 25 9.86 0.0 31 9.08
1362 1 4 22 2 58 7.46 -88.0 25 33.61 51.0 8 19.25 0.0 30 58.43
1363 1 4 22 11 18 7.46 106.0 24 28.58 18.0 48 42.25 0.0 30 47.97
1364 1 4 22 19 38 7.46 -151.0 59 54.68 -29.0 4 5.46 0.0 30 37.82
1365 1 4 23 3 58 7.46 -78.0 29 41.46 63.0 20 47.12 0.0 30 28.20
1366 1 4 23 12 18 7.46 113.0 5 55.59 7.0 15 56.01 0.0 30 18.81
1367 1 4 23 20 38 7.46 -139.0 28 5.65 -22.0 12 12.95 0.0 30 9.85
1368 1 4 24 4 58 7.46 -59.0 16 12.75 74.0 43 54.36 0.0 30 1.45
1369 1 4 24 13 18 7.46 120.0 28 48.21 -3.0 35 24.79 0.0 29 53.31
1370 1 4 24 21 38 7.46 -129.0 7 9.14 -13.0 34 49.69 0.0 29 45.68
1371 1 4 25 5 58 7.46 -0.0 23 35.99 81.0 19 54.65 0.0 29 38.62
1372 1 4 25 14 18 7.46 128.0 59 14.74 -13.0 31 26.92 0.0 29 31.86
1373 1 4 25 22 38 7.46 -120.0 29 41.23 -3.0 47 1.70 0.0 29 25.68
1374 1 4 26 6 58 7.46 58.0 16 58.06 74.0 48 24.97 0.0 29 20.05
1375 1 4 26 15 18 7.46 139.0 4 28.58 -22.0 11 41.59 0.0 29 14.75
1376 1 4 26 23 38 7.46 -113.0 4 49.44 6.0 47 17.66 0.0 29 10.09
1377 1 4 27 7 58 7.46 77.0 20 30.92 63.0 40 29.26 0.0 29 5.96
1378 1 4 27 16 18 7.46 151.0 7 39.74 -29.0 7 7.76 0.0 29 2.19
1379 1 4 28 0 38 7.46 -106.0 24 13.84 17.0 52 33.96 0.0 28 59.09
1380 1 4 28 8 58 7.46 87.0 3 28.04 51.0 52 50.69 0.0 28 56.48
1381 1 4 28 17 18 7.46 165.0 12 16.91 -33.0 41 31.02 0.0 28 54.28
1382 1 4 29 1 38 7.46 -100.0 0 37.63 29.0 18 25.68 0.0 28 52.76
1383 1 4 29 9 58 7.46 94.0 5 43.60 39.0 59 49.98 0.0 28 51.71
1384 1 4 29 18 18 7.46 -179.0 19 32.00 -35.0 20 40.70 0.0 28 51.10
1385 1 4 30 2 38 7.46 -93.0 21 13.75 40.0 57 8.82 0.0 28 51.17
1386 1 4 30 10 58 7.46 100.0 15 40.34 28.0 11 32.55 0.0 28 51.68
1387 1 4 30 19 18 7.46 -163.0 47 40.01 -33.0 49 11.77 0.0 28 52.66
1388 1 5 1 3 38 7.46 -85.0 30 49.31 52.0 40 46.48 0.0 28 54.32
1389 1 5 1 11 58 7.46 106.0 19 17.64 16.0 34 17.45 0.0 28 56.38
1390 1 5 1 20 18 7.46 -149.0 33 31.42 -29.0 20 20.18 0.0 28 58.94
1391 1 5 2 4 38 7.46 -74.0 14 39.46 64.0 14 43.52 0.0 29 2.16
1392 1 5 2 12 58 7.46 112.0 45 54.87 5.0 15 5.29 0.0 29 5.75
1393 1 5 2 21 18 7.46 -137.0 17 41.25 -22.0 27 18.94 0.0 29 9.87
1394 1 5 3 5 38 7.46 -51.0 32 8.25 74.0 47 10.58 0.0 29 14.62
1395 1 5 3 13 58 7.46 120.0 2 6.31 -5.0 35 57.87 0.0 29 19.70
1396 1 5 3 22 18 7.46 -126.0 58 7.66 -13.0 46 33.76 0.0 29 25.33
1397 1 5 4 6 38 7.46 6.0 54 20.86 79.0 32 52.81 0.0 29 31.54
1398 1 5 4 14 58 7.46 128.0 37 41.01 -15.0 43 2.12 0.0 29 38.06
1399 1 5 4 23 18 7.46 -118.0 11 27.00 -3.0 47 49.61 0.0 29 45.14
1400 1 5 5 7 38 7.46 56.0 18 41.51 72.0 29 1.23 0.0 29 52.73
1401 1 5 5 15 58 7.46 139.0 7 31.38 -24.0 40 59.45 0.0 30 0.58
1402 1 5 6 0 18 7.46 -110.0 28 57.09 7.0 7 30.42 0.0 30 9.00
1403 1 5 6 8 38 7.46 75.0 8 9.55 61.0 8 53.67 0.0 30 17.84
1404 1 5 6 16 58 7.46 152.0 5 15.05 -31.0 51 33.10 0.0 30 26.92
1405 1 5 7 1 18 7.46 -103.0 21 45.12 18.0 44 31.37 0.0 30 36.53
1406 1 5 7 9 38 7.46 85.0 25 47.02 48.0 52 22.62 0.0 30 46.45
1407 1 5 7 17 58 7.46 167.0 39 29.34 -36.0 23 34.34 0.0 30 56.57
1408 1 5 8 2 18 7.46 -96.0 18 14.23 30.0 52 10.44 0.0 31 7.17
1409 1 5 8 10 38 7.46 93.0 5 39.60 36.0 17 35.09 0.0 31 17.96
1410 1 5 8 18 58 7.46 -175.0 3 41.59 -37.0 26 57.02 0.0 31 28.88
1411 1 5 9 3 18 7.46 -88.0 33 22.84 43.0 20 26.66 0.0 31 40.21
1412 1 5 9 11 38 7.46 99.0 57 29.06 23.0 38 23.30 0.0 31 51.57
1413 1 5 9 19 58 7.46 -158.0 0 34.28 -34.0 40 48.05 0.0 32 2.99
1414 1 5 10 4 18 7.46 -78.0 35 52.96 55.0 55 29.23 0.0 32 14.70
1415 1 5 10 12 38 7.46 106.0 53 6.70 11.0 5 19.91 0.0 32 26.27
1416 1 5 10 20 58 7.46 -142.0 56 3.29 -28.0 27 50.99 0.0 32 37.83
1417 1 5 11 5 18 7.46 -61.0 57 27.07 68.0 2 37.80 0.0 32 49.50
1418 1 5 11 13 38 7.46 114.0 30 8.99 -1.0 8 35.91 0.0 33 0.86
1419 1 5 11 21 58 7.46 -130.0 24 39.90 -19.0 35 42.48 0.0 33 12.09
1420 1 5 12 6 18 7.46 -21.0 57 11.15 77.0 4 4.68 0.0 33 23.25
1421 1 5 12 14 38 7.46 123.0 26 59.98 -12.0 43 54.71 0.0 33 33.89
1422 1 5 12 22 58 7.46 -120.0 6 23.21 -8.0 51 9.33 0.0 33 44.31
1423 1 5 13 7 18 7.46 40.0 23 15.12 74.0 34 53.83 0.0 33 54.41
1424 1 5 13 15 38 7.46 134.0 29 2.40 -23.0 9 31.67 0.0 34 3.82
1425 1 5 13 23 58 7.46 -111.0 22 50.37 3.0 10 12.05 0.0 34 12.88
1426 1 5 14 8 18 7.46 69.0 5 41.08 63.0 24 11.44 0.0 34 21.39
1427 1 5 14 16 38 7.46 148.0 23 51.24 -31.0 36 43.45 0.0 34 29.04
1428 1 5 15 0 58 7.46 -103.0 34 28.16 16.0 3 3.27 0.0 34 36.22
1429 1 5 15 9 18 7.46 82.0 39 46.91 50.0 14 31.10 0.0 34 42.62
1430 1 5 15 17 38 7.46 165.0 29 45.03 -36.0 58 8.78 0.0 34 48.06
1431 1 5 16 1 58 7.46 -96.0 0 38.92 29.0 28 31.33 0.0 34 52.90
1432 1 5 16 10 18 7.46 91.0 51 53.35 36.0 37 5.29 0.0 34 56.78
1433 1 5 16 18 38 7.46 -175.0 23 17.39 -38.0 8 16.63 0.0 34 59.64
1434 1 5 17 2 58 7.46 -87.0 46 54.14 43.0 10 0.08 0.0 35 1.82
1435 1 5 17 11 18 7.46 99.0 42 1.18 22.0 59 51.72 0.0 35 2.91
1436 1 5 17 19 38 7.46 -156.0 53 31.32 -34.0 47 45.31 0.0 35 2.99
1437 1 5 18 3 58 7.46 -77.0 3 4.64 56.0 46 48.35 0.0 35 2.36
1438 1 5 18 12 18 7.46 107.0 23 30.89 9.0 40 33.41 0.0 35 0.57
1439 1 5 18 20 38 7.46 -141.0 8 14.20 -27.0 40 22.37 0.0 34 57.86
1440 1 5 19 4 58 7.46 -58.0 7 23.95 69.0 31 8.19 0.0 34 54.44
1441 1 5 19 13 18 7.46 115.0 42 26.75 -3.0 2 43.91 0.0 34 49.91
1442 1 5 19 21 38 7.46 -128.0 30 18.12 -17.0 56 21.15 0.0 34 44.59
1443 1 5 20 5 58 7.46 -10.0 18 15.17 77.0 41 45.23 0.0 34 38.60
1445 1 5 20 22 38 7.46 -118.0 20 54.99 -6.0 35 43.00 0.0 34 24.02
1446 1 5 21 6 58 7.46 48.0 31 30.38 72.0 45 54.46 0.0 34 15.85
1447 1 5 21 15 18 7.46 137.0 1 23.62 -24.0 58 44.59 0.0 34 6.84
1448 1 5 21 23 38 7.46 -109.0 49 59.48 5.0 40 32.18 0.0 33 57.45
1449 1 5 22 7 58 7.46 72.0 25 19.91 60.0 57 2.92 0.0 33 47.57
1450 1 5 22 16 18 7.46 151.0 23 12.55 -32.0 52 32.87 0.0 33 37.06
1451 1 5 23 0 38 7.46 -102.0 12 26.95 18.0 25 58.73 0.0 33 26.37
1452 1 5 23 8 58 7.46 84.0 21 17.81 47.0 55 10.78 0.0 33 15.33
1453 1 5 23 17 18 7.46 168.0 25 20.89 -37.0 32 15.49 0.0 33 3.86
1454 1 5 24 1 38 7.46 -94.0 45 8.10 31.0 22 49.85 0.0 32 52.42
1455 1 5 24 9 58 7.46 92.0 42 16.75 34.0 46 51.08 0.0 32 40.73
1456 1 5 24 18 18 7.46 -173.0 13 29.48 -38.0 14 6.83 0.0 32 28.84
1457 1 5 25 2 38 7.46 -86.0 32 39.68 44.0 16 48.66 0.0 32 17.12
1458 1 5 25 10 58 7.46 99.0 51 34.53 21.0 51 45.12 0.0 32 5.27
1459 1 5 25 19 18 7.46 -155.0 50 50.48 -34.0 58 20.45 0.0 31 53.43
1460 1 5 26 3 38 7.46 -75.0 49 25.11 56.0 50 15.00 0.0 31 41.89
1461 1 5 26 11 58 7.46 106.0 49 20.03 9.0 20 43.88 0.0 31 30.31
1462 1 5 26 20 18 7.46 -141.0 1 43.09 -28.0 30 50.46 0.0 31 18.92
1463 1 5 27 4 38 7.46 -57.0 46 13.31 68.0 21 25.26 0.0 31 7.90
1464 1 5 27 12 58 7.46 114.0 13 14.46 -2.0 36 4.64 0.0 30 56.95
1465 1 5 27 21 18 7.46 -128.0 57 42.04 -19.0 51 9.27 0.0 30 46.34
1466 1 5 28 5 38 7.46 -18.0 8 1.84 76.0 5 22.59 0.0 30 36.15
1467 1 5 28 13 58 7.46 122.0 36 57.52 -13.0 45 31.21 0.0 30 26.10
1468 1 5 28 22 18 7.46 -119.0 4 39.07 -9.0 47 35.59 0.0 30 16.51
1469 1 5 29 6 38 7.46 35.0 56 33.14 73.0 36 34.17 0.0 30 7.37
1470 1 5 29 14 58 7.46 132.0 37 16.34 -23.0 47 54.12 0.0 29 58.45
1471 1 5 29 23 18 7.46 -110.0 39 53.11 1.0 7 21.32 0.0 29 50.08
1472 1 5 30 7 38 7.46 63.0 22 16.88 63.0 48 54.69 0.0 29 42.16
1473 1 5 30 15 58 7.46 144.0 53 37.14 -32.0 12 57.95 0.0 29 34.53
1474 1 5 31 0 18 7.46 -103.0 4 34.56 12.0 32 53.58 0.0 29 27.50
1475 1 5 31 8 38 7.46 76.0 53 39.28 52.0 7 6.16 0.0 29 20.93
1476 1 5 31 16 58 7.46 159.0 52 46.66 -38.0 17 33.39 0.0 29 14.69
1477 1 6 1 1 18 7.46 -95.0 42 15.22 24.0 14 58.78 0.0 29 9.11
1478 1 6 1 9 38 7.46 85.0 43 52.28 39.0 56 29.68 0.0 29 3.97
1479 1 6 1 17 58 7.46 177.0 11 31.59 -41.0 12 40.66 0.0 28 59.22
1480 1 6 2 2 18 7.46 -87.0 50 25.31 36.0 2 8.97 0.0 28 55.14
1481 1 6 2 10 38 7.46 92.0 47 58.38 27.0 40 22.44 0.0 28 51.48
1482 1 6 2 18 58 7.46 -164.0 50 38.37 -40.0 27 24.60 0.0 28 48.27
1483 1 6 3 3 18 7.46 -78.0 22 14.86 47.0 40 43.12 0.0 28 45.74
1484 1 6 3 11 38 7.46 99.0 16 41.69 15.0 28 47.82 0.0 28 43.60
1485 1 6 3 19 58 7.46 -148.0 20 33.39 -36.0 12 33.14 0.0 28 41.96
1486 1 6 4 4 18 7.46 -64.0 59 46.84 58.0 44 41.31 0.0 28 40.99
1487 1 6 4 12 38 7.46 105.0 49 58.21 3.0 29 14.40 0.0 28 40.39
1488 1 6 4 20 58 7.46 -134.0 24 48.67 -29.0 12 24.99 0.0 28 40.34
1489 1 6 5 5 18 7.46 -42.0 15 46.94 68.0 3 13.11 0.0 28 40.93
1490 1 6 5 13 38 7.46 113.0 0 8.49 -8.0 9 28.01 0.0 28 41.89
1491 1 6 5 21 58 7.46 -122.0 58 15.30 -20.0 16 39.31 0.0 28 43.42
1492 1 6 6 6 18 7.46 -2.0 55 54.59 72.0 15 29.85 0.0 28 45.57
1493 1 6 6 14 38 7.46 121.0 22 37.02 -19.0 14 0.15 0.0 28 48.06
1494 1 6 6 22 58 7.46 -113.0 23 50.76 -10.0 3 55.83 0.0 28 51.17
1495 1 6 7 7 18 7.46 36.0 34 4.26 68.0 0 4.49 0.0 28 54.85
1496 1 6 7 15 38 7.46 131.0 42 38.78 -29.0 22 14.80 0.0 28 58.86
1497 1 6 7 23 58 7.46 -105.0 0 23.50 0.0 59 26.73 0.0 29 3.50
1498 1 6 8 8 18 7.46 59.0 25 8.89 58.0 26 56.58 0.0 29 8.67
1499 1 6 8 16 38 7.46 144.0 56 4.91 -37.0 56 53.19 0.0 29 14.16
1500 1 6 9 0 58 7.46 -97.0 9 28.62 12.0 35 35.63 0.0 29 20.29
1501 1 6 9 9 18 7.46 72.0 46 5.34 46.0 56 32.83 0.0 29 26.87
1502 1 6 9 17 38 7.46 161.0 47 28.24 -43.0 59 33.96 0.0 29 33.78
1503 1 6 10 1 58 7.46 -89.0 11 32.90 24.0 30 45.68 0.0 29 41.31
1504 1 6 10 10 18 7.46 82.0 7 44.52 34.0 40 11.09 0.0 29 49.22
1505 1 6 10 18 38 7.46 -178.0 17 35.84 -46.0 19 48.55 0.0 29 57.44
1506 1 6 11 2 58 7.46 -80.0 14 42.97 36.0 30 54.43 0.0 30 6.26
1507 1 6 11 11 18 7.46 89.0 49 58.11 22.0 3 49.31 0.0 30 15.36
1508 1 6 11 19 38 7.46 -158.0 2 15.51 -44.0 16 23.54 0.0 30 24.77
1509 1 6 12 3 58 7.46 -68.0 50 0.53 48.0 14 40.09 0.0 30 34.71
1510 1 6 12 12 18 7.46 97.0 1 15.20 9.0 20 53.47 0.0 30 44.82
1511 1 6 12 20 38 7.46 -140.0 24 15.89 -38.0 14 13.30 0.0 30 55.22
1512 1 6 13 4 58 7.46 -51.0 53 58.98 58.0 55 35.47 0.0 31 6.06
1513 1 6 13 13 18 7.46 104.0 27 4.89 -3.0 17 24.88 0.0 31 16.96
1514 1 6 13 21 38 7.46 -126.0 17 49.99 -29.0 18 25.06 0.0 31 28.09
1515 1 6 14 5 58 7.46 -23.0 47 10.94 66.0 32 25.15 0.0 31 39.54
1516 1 6 14 14 18 7.46 112.0 50 41.36 -15.0 36 53.61 0.0 31 50.92
1517 1 6 14 22 38 7.46 -115.0 3 25.77 -18.0 29 19.81 0.0 32 2.47
1518 1 6 15 6 58 7.46 14.0 56 8.05 67.0 14 26.11 0.0 32 14.17
1519 1 6 15 15 18 7.46 123.0 6 18.87 -27.0 14 41.82 0.0 32 25.65
1520 1 6 15 23 38 7.46 -105.0 40 37.98 -6.0 28 12.75 0.0 32 37.21
1521 1 6 16 7 58 7.46 45.0 54 53.34 60.0 15 0.59 0.0 32 48.73
1522 1 6 16 16 18 7.46 136.0 28 39.45 -37.0 30 18.03 0.0 32 59.87
1523 1 6 17 0 38 7.46 -97.0 15 12.02 6.0 18 14.65 0.0 33 10.99
1524 1 6 17 8 58 7.46 64.0 39 39.79 49.0 12 43.16 0.0 33 21.83
1525 1 6 17 17 18 7.46 154.0 20 30.82 -45.0 12 48.26 0.0 33 32.14
1526 1 6 18 1 38 7.46 -88.0 57 21.99 19.0 30 43.18 0.0 33 42.29
1527 1 6 18 9 58 7.46 76.0 59 49.53 36.0 31 36.62 0.0 33 51.92
1528 1 6 18 18 18 7.46 176.0 41 45.26 -48.0 41 31.98 0.0 34 0.88
1529 1 6 19 2 38 7.46 -79.0 48 23.95 32.0 50 48.44 0.0 34 9.52
1530 1 6 19 10 58 7.46 86.0 31 4.41 23.0 9 33.01 0.0 34 17.40
1531 1 6 19 19 18 7.46 -159.0 59 58.91 -46.0 44 17.63 0.0 34 24.51
1532 1 6 20 3 38 7.46 -68.0 12 15.68 45.0 52 29.02 0.0 34 31.13
1533 1 6 20 11 58 7.46 94.0 59 25.89 9.0 34 24.53 0.0 34 36.79
1534 1 6 20 20 18 7.46 -140.0 15 32.64 -39.0 53 23.06 0.0 34 41.61
1535 1 6 21 4 38 7.46 -50.0 49 54.08 57.0 41 43.93 0.0 34 45.79
1536 1 6 21 12 58 7.46 103.0 29 9.17 -3.0 53 44.79 0.0 34 48.86
1537 1 6 21 21 18 7.46 -125.0 12 38.14 -29.0 46 14.75 0.0 34 51.07
1538 1 6 22 5 38 7.46 -21.0 25 1.04 65.0 58 16.12 0.0 34 52.53
1539 1 6 22 13 58 7.46 112.0 55 8.67 -16.0 53 19.45 0.0 34 52.80
1540 1 6 22 22 18 7.46 -113.0 40 7.56 -17.0 46 48.57 0.0 34 52.24
1541 1 6 23 6 38 7.46 18.0 44 56.48 66.0 21 38.70 0.0 34 50.88
1542 1 6 23 14 58 7.46 124.0 20 54.33 -28.0 53 51.04 0.0 34 48.33
1543 1 6 23 23 18 7.46 -104.0 13 19.30 -4.0 47 41.20 0.0 34 45.05
1544 1 6 24 7 38 7.46 49.0 21 19.51 58.0 34 10.50 0.0 34 40.95
1545 1 6 24 15 58 7.46 139.0 6 50.84 -39.0 6 11.56 0.0 34 35.76
1546 1 6 25 0 18 7.46 -95.0 45 38.79 8.0 39 3.58 0.0 34 29.97
1547 1 6 25 8 38 7.46 67.0 21 32.93 46.0 56 0.97 0.0 34 23.40
1548 1 6 25 16 58 7.46 158.0 24 8.99 -46.0 12 22.45 0.0 34 15.92
1549 1 6 26 1 18 7.46 -87.0 20 31.03 22.0 11 9.04 0.0 34 8.00
1550 1 6 26 9 38 7.46 79.0 8 15.15 33.0 57 49.02 0.0 33 59.37
1551 1 6 26 17 58 7.46 -178.0 36 29.10 -48.0 39 12.08 0.0 33 50.05
1552 1 6 27 2 18 7.46 -77.0 53 13.45 35.0 28 7.13 0.0 33 40.47
1553 1 6 27 10 38 7.46 88.0 12 43.32 20.0 36 29.71 0.0 33 30.29
1554 1 6 27 18 58 7.46 -156.0 2 6.63 -45.0 48 17.34 0.0 33 19.66
1555 1 6 28 3 18 7.46 -65.0 40 6.39 48.0 1 36.73 0.0 33 8.93
1556 1 6 28 11 38 7.46 96.0 15 0.08 7.0 17 32.76 0.0 32 57.75
1557 1 6 28 19 58 7.46 -137.0 33 22.58 -38.0 41 36.17 0.0 32 46.34
1558 1 6 29 4 18 7.46 -47.0 19 42.94 58.0 53 40.71 0.0 32 34.98
1559 1 6 29 12 38 7.46 104.0 13 55.82 -5.0 42 54.71 0.0 32 23.30
1560 1 6 29 20 58 7.46 -123.0 28 22.61 -28.0 56 49.29 0.0 32 11.63
1561 1 6 30 5 18 7.46 -17.0 48 58.60 65.0 46 24.85 0.0 32 0.11
1562 1 6 30 13 38 7.46 112.0 57 53.65 -18.0 9 29.93 0.0 31 48.42
1563 1 6 30 21 58 7.46 -112.0 29 42.25 -17.0 46 27.57 0.0 31 36.92
1564 1 7 1 6 18 7.46 18.0 50 6.78 65.0 17 7.20 0.0 31 25.65
1565 1 7 1 14 38 7.46 123.0 21 14.30 -29.0 41 27.13 0.0 31 14.36
1566 1 7 1 22 58 7.46 -103.0 20 44.82 -5.0 53 18.06 0.0 31 3.41
1567 1 7 2 7 18 7.46 46.0 20 8.92 57.0 56 39.35 0.0 30 52.74
1568 1 7 2 15 38 7.46 136.0 34 13.88 -39.0 44 53.76 0.0 30 42.17
1569 1 7 2 23 58 7.46 -95.0 3 5.50 6.0 17 31.65 0.0 30 32.06
1570 1 7 3 8 18 7.46 63.0 9 56.03 47.0 17 22.79 0.0 30 22.27
1571 1 7 3 16 38 7.46 153.0 53 33.61 -47.0 22 55.94 0.0 30 12.68
1572 1 7 4 0 58 7.46 -86.0 48 9.02 18.0 28 54.01 0.0 30 3.65
1573 1 7 4 9 18 7.46 74.0 20 45.35 35.0 21 0.01 0.0 29 54.95
1574 1 7 4 17 38 7.46 175.0 28 2.78 -51.0 15 48.52 0.0 29 46.55
1575 1 7 5 1 58 7.46 -77.0 44 7.21 30.0 24 55.05 0.0 29 38.75
1576 1 7 5 10 18 7.46 82.0 51 8.53 22.0 55 19.12 0.0 29 31.30
1577 1 7 5 18 38 7.46 -161.0 37 30.56 -50.0 23 53.62 0.0 29 24.23
1578 1 7 6 2 58 7.46 -66.0 38 38.81 41.0 43 47.21 0.0 29 17.80
1579 1 7 6 11 18 7.46 90.0 9 54.42 10.0 20 56.61 0.0 29 11.70
1580 1 7 6 19 38 7.46 -141.0 38 0.72 -45.0 9 48.35 0.0 29 6.07
1581 1 7 7 3 58 7.46 -51.0 34 22.48 51.0 45 29.21 0.0 29 1.08
1582 1 7 7 12 18 7.46 97.0 8 47.96 -2.0 10 36.51 0.0 28 56.43
1583 1 7 7 20 38 7.46 -126.0 3 38.23 -36.0 55 15.56 0.0 28 52.30
1584 1 7 8 4 58 7.46 -29.0 47 27.07 59.0 8 41.50 0.0 28 48.81
1585 1 7 8 13 18 7.46 104.0 28 2.69 -14.0 29 49.03 0.0 28 45.66
1586 1 7 8 21 38 7.46 -114.0 1 36.58 -26.0 54 53.94 0.0 28 43.08
1588 1 7 9 14 18 7.46 112.0 51 18.43 -26.0 24 45.80 0.0 28 39.50
1589 1 7 9 22 38 7.46 -104.0 13 49.73 -15.0 56 5.20 0.0 28 38.50
1590 1 7 10 6 58 7.46 26.0 44 52.48 58.0 11 50.78 0.0 28 38.08
1591 1 7 10 15 18 7.46 123.0 19 42.51 -37.0 35 42.72 0.0 28 38.01
1592 1 7 10 23 38 7.46 -95.0 37 35.07 -4.0 26 50.58 0.0 28 38.60
1593 1 7 11 7 58 7.46 47.0 8 4.74 50.0 12 17.29 0.0 28 39.73
1594 1 7 11 16 18 7.46 137.0 27 4.98 -47.0 25 13.29 0.0 28 41.22
1595 1 7 12 0 38 7.46 -87.0 24 8.20 7.0 14 29.38 0.0 28 43.38
1596 1 7 12 8 58 7.46 61.0 6 43.10 39.0 48 51.19 0.0 28 46.04
1597 1 7 12 17 18 7.46 157.0 11 4.32 -54.0 41 36.83 0.0 28 49.09
1598 1 7 13 1 38 7.46 -78.0 48 43.88 18.0 52 31.63 0.0 28 52.81
1599 1 7 13 9 58 7.46 71.0 20 29.72 28.0 13 29.22 0.0 28 56.97
1600 1 7 13 18 18 7.46 -177.0 24 47.64 -57.0 36 4.57 0.0 29 1.54
1601 1 7 14 2 38 7.46 -68.0 59 0.22 30.0 9 9.05 0.0 29 6.78
1602 1 7 14 10 58 7.46 79.0 35 45.32 16.0 0 34.05 0.0 29 12.41
1603 1 7 14 19 18 7.46 -151.0 40 43.47 -54.0 59 39.19 0.0 29 18.45
1604 1 7 15 3 38 7.46 -56.0 41 8.80 40.0 35 52.93 0.0 29 25.15
1605 1 7 15 11 58 7.46 86.0 56 48.17 3.0 27 49.71 0.0 29 32.16
1606 1 7 15 20 18 7.46 -131.0 17 4.29 -47.0 50 58.04 0.0 29 39.62
1607 1 7 16 4 38 7.46 -40.0 10 21.91 49.0 20 50.84 0.0 29 47.67
1608 1 7 16 12 58 7.46 94.0 9 10.01 -9.0 13 17.12 0.0 29 55.98
1609 1 7 16 21 18 7.46 -116.0 28 45.92 -37.0 58 57.02 0.0 30 4.73
1610 1 7 17 5 38 7.46 -17.0 56 35.61 54.0 53 19.31 0.0 30 14.01
1611 1 7 17 13 58 7.46 101.0 56 15.38 -21.0 52 3.50 0.0 30 23.47
1612 1 7 17 22 18 7.46 -105.0 17 29.19 -26.0 38 53.74 0.0 30 33.37
1613 1 7 18 6 38 7.46 8.0 3 49.99 55.0 26 8.09 0.0 30 43.69
1614 1 7 18 14 58 7.46 111.0 15 36.98 -34.0 13 20.58 0.0 30 54.12
1615 1 7 18 23 18 7.46 -96.0 3 20.50 -14.0 31 39.31 0.0 31 4.95
1616 1 7 19 7 38 7.46 31.0 41 49.18 50.0 36 49.77 0.0 31 16.08
1617 1 7 19 15 58 7.46 123.0 43 37.42 -45.0 48 26.35 0.0 31 27.22
1618 1 7 20 0 18 7.46 -87.0 37 55.08 -2.0 0 42.53 0.0 31 38.70
1619 1 7 20 8 38 7.46 49.0 35 58.43 41.0 53 18.56 0.0 31 50.33
1620 1 7 20 16 58 7.46 142.0 9 43.16 -55.0 33 57.98 0.0 32 1.87
1621 1 7 21 1 18 7.46 -79.0 7 54.76 10.0 36 33.90 0.0 32 13.66
1622 1 7 21 9 38 7.46 62.0 46 3.52 30.0 52 32.50 0.0 32 25.39
1623 1 7 21 17 58 7.46 169.0 34 57.16 -61.0 15 39.65 0.0 32 36.94
1624 1 7 22 2 18 7.46 -69.0 38 42.92 23.0 1 22.66 0.0 32 48.61
1625 1 7 22 10 38 7.46 73.0 2 56.89 18.0 34 30.79 0.0 33 0.01
1626 1 7 22 18 58 7.46 -158.0 30 44.86 -60.0 11 12.47 0.0 33 11.10
1627 1 7 23 3 18 7.46 -57.0 57 39.69 34.0 45 18.20 0.0 33 22.16
1628 1 7 23 11 38 7.46 81.0 50 6.65 5.0 32 36.10 0.0 33 32.72
1629 1 7 23 19 58 7.46 -133.0 17 10.03 -52.0 45 28.31 0.0 33 42.86
1630 1 7 24 4 18 7.46 -42.0 18 16.75 44.0 56 37.34 0.0 33 52.76
1631 1 7 24 12 38 7.46 90.0 8 1.69 -7.0 52 5.45 0.0 34 1.95
1632 1 7 24 20 58 7.46 -116.0 25 23.39 -41.0 44 39.08 0.0 34 10.60
1633 1 7 25 5 18 7.46 -20.0 44 55.91 52.0 0 27.29 0.0 34 18.82
1634 1 7 25 13 38 7.46 98.0 51 32.16 -21.0 21 40.37 0.0 34 26.12
1635 1 7 25 21 58 7.46 -104.0 30 58.02 -29.0 2 59.36 0.0 34 32.80
1636 1 7 26 6 18 7.46 5.0 44 36.63 53.0 48 26.63 0.0 34 38.83
1637 1 7 26 14 38 7.46 109.0 10 13.08 -34.0 33 58.61 0.0 34 43.80
1638 1 7 26 22 58 7.46 -95.0 1 25.42 -15.0 35 44.78 0.0 34 48.08
1639 1 7 27 7 18 7.46 30.0 51 20.94 49.0 29 20.57 0.0 34 51.54
1640 1 7 27 15 38 7.46 122.0 59 51.36 -46.0 50 42.13 0.0 34 53.86
1641 1 7 27 23 58 7.46 -86.0 26 50.23 -1.0 52 52.79 0.0 34 55.46
1642 1 7 28 8 18 7.46 50.0 0 10.29 40.0 35 21.75 0.0 34 56.12
1643 1 7 28 16 38 7.46 143.0 42 28.44 -56.0 50 30.06 0.0 34 55.63
1644 1 7 29 0 58 7.46 -77.0 43 52.54 11.0 43 23.41 0.0 34 54.45
1645 1 7 29 9 18 7.46 63.0 52 47.13 29.0 7 7.66 0.0 34 52.26
1646 1 7 29 17 38 7.46 174.0 6 27.48 -61.0 49 49.37 0.0 34 49.01
1647 1 7 30 1 58 7.46 -67.0 50 29.56 24.0 49 9.09 0.0 34 45.13
1648 1 7 30 10 18 7.46 74.0 31 34.42 16.0 21 40.06 0.0 34 40.25
1649 1 7 30 18 38 7.46 -153.0 17 29.72 -59.0 16 30.26 0.0 34 34.46
1650 1 7 31 2 58 7.46 -55.0 25 48.45 36.0 49 29.71 0.0 34 28.14
1651 1 7 31 11 18 7.46 83.0 29 37.37 3.0 1 20.58 0.0 34 20.90
1652 1 7 31 19 38 7.46 -129.0 31 19.47 -50.0 44 19.81 0.0 34 12.96
1653 1 8 1 3 58 7.46 -38.0 38 25.97 46.0 44 0.51 0.0 34 4.60
1654 1 8 1 12 18 7.46 91.0 52 4.37 -10.0 28 27.17 0.0 33 55.45
1655 1 8 1 20 38 7.46 -113.0 54 9.49 -39.0 19 31.53 0.0 33 45.83
1656 1 8 2 4 58 7.46 -15.0 59 46.40 52.0 51 27.27 0.0 33 35.92
1657 1 8 2 13 18 7.46 100.0 35 2.41 -23.0 48 34.05 0.0 33 25.39
1658 1 8 2 21 38 7.46 -102.0 41 13.44 -26.0 46 27.00 0.0 33 14.62
1659 1 8 3 5 58 7.46 10.0 7 8.88 53.0 22 31.51 0.0 33 3.69
1660 1 8 3 14 18 7.46 110.0 46 12.52 -36.0 38 20.42 0.0 32 52.32
1661 1 8 3 22 38 7.46 -93.0 32 47.44 -13.0 52 19.73 0.0 32 40.93
1662 1 8 4 6 58 7.46 33.0 15 11.57 48.0 14 17.91 0.0 32 29.49
1663 1 8 4 15 18 7.46 124.0 13 51.69 -48.0 24 56.74 0.0 32 17.78
1664 1 8 4 23 38 7.46 -85.0 9 23.71 -1.0 1 56.54 0.0 32 6.26
1665 1 8 5 7 58 7.46 50.0 24 30.35 39.0 17 21.97 0.0 31 54.77
1666 1 8 5 16 18 7.46 144.0 2 52.33 -58.0 0 55.86 0.0 31 43.20
1667 1 8 6 0 38 7.46 -76.0 35 54.26 11.0 26 53.04 0.0 31 31.96
1668 1 8 6 8 58 7.46 62.0 49 34.61 28.0 18 15.93 0.0 31 20.82
1669 1 8 6 17 18 7.46 173.0 1 52.30 -63.0 10 59.89 0.0 31 9.76
1670 1 8 7 1 38 7.46 -67.0 0 50.40 23.0 15 16.61 0.0 30 59.15
1671 1 8 7 9 58 7.46 72.0 20 57.49 16.0 18 48.25 0.0 30 48.70
1672 1 8 7 18 18 7.46 -154.0 49 50.61 -61.0 37 59.06 0.0 30 38.46
1673 1 8 8 2 38 7.46 -55.0 23 28.99 33.0 56 16.75 0.0 30 28.75
1674 1 8 8 10 58 7.46 80.0 16 53.76 3.0 51 5.72 0.0 30 19.25
1675 1 8 8 19 18 7.46 -130.0 27 34.56 -54.0 26 26.55 0.0 30 10.08
1676 1 8 9 3 38 7.46 -40.0 30 53.11 42.0 46 1.20 0.0 30 1.48
1677 1 8 9 11 58 7.46 87.0 30 8.87 -8.0 47 9.99 0.0 29 53.12
1678 1 8 9 20 18 7.46 -114.0 16 59.02 -44.0 22 42.20 0.0 29 45.20
1679 1 8 10 4 38 7.46 -21.0 30 59.83 48.0 36 43.62 0.0 29 37.87
1680 1 8 10 12 58 7.46 94.0 43 8.24 -21.0 24 19.29 0.0 29 30.80
1681 1 8 10 21 18 7.46 -102.0 47 14.15 -33.0 7 2.71 0.0 29 24.26
1682 1 8 11 5 38 7.46 0.0 26 35.02 50.0 13 25.95 0.0 29 18.30
1683 1 8 11 13 58 7.46 102.0 42 35.83 -33.0 49 36.58 0.0 29 12.64
1684 1 8 11 22 18 7.46 -93.0 36 37.36 -21.0 25 0.13 0.0 29 7.57
1685 1 8 12 6 38 7.46 21.0 34 10.48 47.0 12 0.96 0.0 29 3.06
1686 1 8 12 14 58 7.46 112.0 40 24.09 -45.0 47 37.42 0.0 28 58.87
1687 1 8 12 23 18 7.46 -85.0 25 30.62 -9.0 39 28.47 0.0 28 55.33
1688 1 8 13 7 38 7.46 38.0 49 18.12 40.0 26 35.10 0.0 28 52.32
1689 1 8 13 15 58 7.46 126.0 56 17.53 -56.0 46 35.87 0.0 28 49.67
1690 1 8 14 0 18 7.46 -77.0 22 53.11 1.0 54 17.20 0.0 28 47.69
1691 1 8 14 8 38 7.46 51.0 59 24.95 31.0 16 17.76 0.0 28 46.21
1692 1 8 14 16 58 7.46 150.0 7 46.03 -65.0 26 1.88 0.0 28 45.12
1693 1 8 15 1 18 7.46 -68.0 47 11.34 13.0 1 38.87 0.0 28 44.73
1694 1 8 15 9 38 7.46 62.0 9 55.81 20.0 40 12.31 0.0 28 44.79
1695 1 8 15 17 58 7.46 -174.0 26 0.42 -68.0 45 52.33 0.0 28 45.29
1696 1 8 16 2 18 7.46 -58.0 55 37.29 23.0 23 39.50 0.0 28 46.48
1697 1 8 16 10 38 7.46 70.0 26 4.70 9.0 13 30.29 0.0 28 48.09
1698 1 8 16 18 58 7.46 -140.0 11 54.72 -64.0 38 52.58 0.0 28 50.16
1699 1 8 17 3 18 7.46 -46.0 59 11.07 32.0 31 43.73 0.0 28 52.92
1700 1 8 17 11 38 7.46 77.0 36 43.73 -2.0 43 41.02 0.0 28 56.07
1701 1 8 17 19 58 7.46 -118.0 21 8.16 -55.0 43 49.27 0.0 28 59.71
1702 1 8 18 4 18 7.46 -32.0 9 53.10 39.0 41 58.25 0.0 29 4.02
1703 1 8 18 12 38 7.46 84.0 19 38.04 -14.0 59 11.20 0.0 29 8.67
1704 1 8 18 20 58 7.46 -104.0 37 19.08 -44.0 49 59.63 0.0 29 13.85
1705 1 8 19 5 18 7.46 -14.0 17 11.05 43.0 55 23.38 0.0 29 19.65
1706 1 8 19 13 38 7.46 91.0 10 43.64 -27.0 24 17.78 0.0 29 25.77
1707 1 8 19 21 58 7.46 -94.0 41 39.76 -33.0 9 31.38 0.0 29 32.43
1708 1 8 20 6 18 7.46 5.0 13 57.66 44.0 18 39.68 0.0 29 39.66
1709 1 8 20 14 38 7.46 98.0 57 29.03 -39.0 50 10.94 0.0 29 47.16
1710 1 8 20 22 58 7.46 -86.0 25 45.35 -21.0 12 2.09 0.0 29 55.23
1711 1 8 21 7 18 7.46 23.0 41 47.31 40.0 42 9.78 0.0 30 3.78
1712 1 8 21 15 38 7.46 109.0 7 50.25 -52.0 2 18.16 0.0 30 12.56
1713 1 8 21 23 58 7.46 -78.0 41 25.99 -9.0 13 37.04 0.0 30 21.90
1714 1 8 22 8 18 7.46 39.0 13 35.00 33.0 47 25.64 0.0 30 31.63
1715 1 8 22 16 38 7.46 125.0 14 52.76 -63.0 23 50.69 0.0 30 41.55
1716 1 8 23 0 58 7.46 -70.0 42 29.08 2.0 32 23.98 0.0 30 51.99
1717 1 8 23 9 18 7.46 51.0 39 39.10 24.0 32 28.09 0.0 31 2.70
1718 1 8 23 17 38 7.46 156.0 21 22.60 -71.0 50 35.11 0.0 31 13.56
1719 1 8 24 1 58 7.46 -61.0 46 50.85 13.0 49 44.25 0.0 31 24.87
1720 1 8 24 10 18 7.46 61.0 42 37.71 13.0 44 0.30 0.0 31 36.30
1721 1 8 24 18 38 7.46 -155.0 45 21.06 -72.0 8 9.67 0.0 31 47.83
1722 1 8 25 2 58 7.46 -51.0 7 5.11 24.0 13 45.23 0.0 31 59.70
1723 1 8 25 11 18 7.46 70.0 11 44.51 1.0 52 56.18 0.0 32 11.54
1724 1 8 25 19 38 7.46 -122.0 56 58.46 -63.0 47 50.29 0.0 32 23.38
1725 1 8 26 3 58 7.46 -37.0 48 41.69 33.0 4 37.12 0.0 32 35.44
1726 1 8 26 12 18 7.46 77.0 49 58.15 -10.0 40 54.98 0.0 32 47.28
1727 1 8 26 20 38 7.46 -105.0 51 53.45 -52.0 3 17.55 0.0 32 59.03
1728 1 8 27 4 58 7.46 -21.0 9 49.07 39.0 21 34.09 0.0 33 10.82
1729 1 8 27 13 18 7.46 85.0 17 34.26 -23.0 43 34.26 0.0 33 22.19
1730 1 8 27 21 38 7.46 -94.0 58 38.70 -39.0 11 28.61 0.0 33 33.38
1731 1 8 28 5 58 7.46 -1.0 40 43.98 41.0 51 49.14 0.0 33 44.38
1732 1 8 28 14 18 7.46 93.0 24 14.42 -37.0 2 22.97 0.0 33 54.77
1733 1 8 28 22 38 7.46 -86.0 25 4.63 -25.0 55 42.26 0.0 34 4.85
1734 1 8 29 6 58 7.46 18.0 11 47.83 39.0 50 43.00 0.0 34 14.52
1735 1 8 29 15 18 7.46 103.0 38 50.66 -50.0 19 59.80 0.0 34 23.40
1736 1 8 29 23 38 7.46 -78.0 32 56.45 -12.0 36 50.17 0.0 34 31.84
1737 1 8 30 7 58 7.46 35.0 41 2.40 33.0 39 32.57 0.0 34 39.64
1738 1 8 30 16 18 7.46 119.0 45 19.96 -62.0 57 17.26 0.0 34 46.50
1739 1 8 31 0 38 7.46 -70.0 24 52.37 0.0 27 42.63 0.0 34 52.81
1740 1 8 31 8 58 7.46 49.0 47 46.74 24.0 23 48.56 0.0 34 58.25
1741 1 8 31 17 18 7.46 152.0 44 12.54 -72.0 36 37.41 0.0 35 2.67
1742 1 9 1 1 38 7.46 -61.0 12 6.86 12.0 56 26.55 0.0 35 6.45
1743 1 9 1 9 58 7.46 61.0 3 6.77 13.0 8 16.36 0.0 35 9.20
1744 1 9 1 18 18 7.46 -153.0 30 24.26 -72.0 40 20.64 0.0 35 10.89
1745 1 9 2 2 38 7.46 -50.0 0 45.89 24.0 17 32.93 0.0 35 11.89
1746 1 9 2 10 58 7.46 70.0 22 24.73 0.0 39 32.33 0.0 35 11.76
1747 1 9 2 19 18 7.46 -120.0 7 4.00 -63.0 0 37.79 0.0 35 10.63
1748 1 9 3 3 38 7.46 -35.0 51 1.69 33.0 41 33.83 0.0 35 8.79
1749 1 9 3 11 58 7.46 78.0 37 7.51 -12.0 31 19.70 0.0 35 5.80
1750 1 9 3 20 18 7.46 -103.0 46 13.77 -50.0 15 53.33 0.0 35 1.92
1751 1 9 4 4 38 7.46 -18.0 7 2.63 39.0 57 33.10 0.0 34 57.37
1752 1 9 4 12 58 7.46 86.0 34 45.49 -26.0 2 29.23 0.0 34 51.74
1753 1 9 4 21 18 7.46 -93.0 18 24.28 -36.0 47 40.74 0.0 34 45.39
1754 1 9 5 5 38 7.46 2.0 8 23.06 41.0 51 47.55 0.0 34 38.44
1755 1 9 5 13 58 7.46 95.0 12 13.14 -39.0 35 42.39 0.0 34 30.53
1756 1 9 5 22 18 7.46 -84.0 55 13.96 -23.0 17 56.99 0.0 34 22.13
1757 1 9 6 6 38 7.46 21.0 52 33.04 38.0 59 33.83 0.0 34 13.21
1758 1 9 6 14 58 7.46 106.0 9 49.90 -52.0 49 18.11 0.0 34 3.54
1759 1 9 6 23 18 7.46 -77.0 5 17.84 -10.0 7 13.61 0.0 33 53.57
1760 1 9 7 7 38 7.46 38.0 28 41.26 32.0 10 12.25 0.0 33 43.21
1761 1 9 7 15 58 7.46 123.0 38 52.52 -64.0 58 44.45 0.0 33 32.30
1762 1 9 8 0 18 7.46 -68.0 56 29.66 2.0 27 53.07 0.0 33 21.31
1763 1 9 8 8 38 7.46 51.0 29 58.91 22.0 42 56.11 0.0 33 10.04
1764 1 9 8 16 58 7.46 159.0 4 23.96 -73.0 34 8.86 0.0 32 58.44
1765 1 9 9 1 18 7.46 -59.0 46 18.00 14.0 8 17.98 0.0 32 46.94
1766 1 9 9 9 38 7.46 61.0 43 40.37 11.0 42 18.74 0.0 32 35.27
1767 1 9 9 17 58 7.46 -149.0 6 47.76 -72.0 35 25.06 0.0 32 23.50
1768 1 9 10 2 18 7.46 -48.0 51 30.43 24.0 27 41.89 0.0 32 11.96
1769 1 9 10 10 38 7.46 70.0 6 5.76 -0.0 10 17.12 0.0 32 0.36
1770 1 9 10 18 58 7.46 -118.0 30 52.79 -63.0 23 5.90 0.0 31 48.84
1771 1 9 11 3 18 7.46 -35.0 30 37.73 32.0 48 5.00 0.0 31 37.67
1772 1 9 11 11 38 7.46 77.0 23 23.74 -12.0 29 58.06 0.0 31 26.53
1773 1 9 11 19 58 7.46 -103.0 1 55.52 -51.0 44 18.66 0.0 31 15.64
1774 1 9 12 4 18 7.46 -19.0 27 13.17 38.0 19 30.07 0.0 31 5.16
1775 1 9 12 12 38 7.46 84.0 13 53.26 -25.0 1 18.80 0.0 30 54.80
1776 1 9 12 20 58 7.46 -92.0 58 40.07 -39.0 33 57.64 0.0 30 44.82
1777 1 9 13 5 18 7.46 -1.0 33 11.55 40.0 14 4.18 0.0 30 35.30
1778 1 9 13 13 38 7.46 91.0 17 29.37 -37.0 33 28.54 0.0 30 25.96
1779 1 9 13 21 58 7.46 -84.0 58 30.31 -27.0 25 26.20 0.0 30 17.12
1780 1 9 14 6 18 7.46 16.0 5 31.03 38.0 15 55.63 0.0 30 8.75
1781 1 9 14 14 38 7.46 99.0 34 22.10 -49.0 55 58.46 0.0 30 0.63
1782 1 9 14 22 58 7.46 -77.0 39 26.76 -15.0 33 34.37 0.0 29 53.09
1783 1 9 15 7 18 7.46 31.0 31 50.16 32.0 55 53.37 0.0 29 46.02
1784 1 9 15 15 38 7.46 111.0 18 9.59 -61.0 51 6.07 0.0 29 39.26
1785 1 9 15 23 58 7.46 -70.0 16 51.69 -4.0 9 14.04 0.0 29 33.13
1786 1 9 16 8 18 7.46 44.0 7 42.29 25.0 8 45.75 0.0 29 27.46
1787 1 9 16 16 38 7.46 133.0 20 39.74 -72.0 24 4.48 0.0 29 22.15
1788 1 9 17 0 58 7.46 -62.0 17 35.64 6.0 35 39.60 0.0 29 17.52
1789 1 9 17 9 18 7.46 54.0 14 57.72 15.0 44 34.11 0.0 29 13.33
1790 1 9 17 17 38 7.46 -177.0 10 52.18 -77.0 38 14.27 0.0 29 9.55
1791 1 9 18 1 58 7.46 -53.0 10 25.62 16.0 24 57.96 0.0 29 6.46
1792 1 9 18 10 18 7.46 62.0 32 46.92 5.0 18 28.37 0.0 29 3.79
1793 1 9 18 18 38 7.46 -128.0 39 21.11 -72.0 15 15.03 0.0 29 1.58
1794 1 9 19 2 58 7.46 -42.0 23 56.53 24.0 55 20.49 0.0 29 0.06
1795 1 9 19 11 18 7.46 69.0 37 24.85 -5.0 47 11.66 0.0 28 58.94
1796 1 9 19 19 38 7.46 -107.0 9 37.15 -61.0 56 8.64 0.0 28 58.34
1797 1 9 20 3 58 7.46 -29.0 33 1.17 31.0 34 5.23 0.0 28 58.41
1798 1 9 20 12 18 7.46 75.0 58 57.10 -17.0 18 33.07 0.0 28 58.86
1799 1 9 20 20 38 7.46 -95.0 36 29.08 -50.0 29 34.14 0.0 28 59.86
1800 1 9 21 4 58 7.46 -14.0 38 15.41 35.0 41 22.28 0.0 29 1.52
1801 1 9 21 13 18 7.46 82.0 4 46.68 -29.0 6 39.68 0.0 29 3.54
1802 1 9 21 21 38 7.46 -87.0 24 36.38 -38.0 47 45.30 0.0 29 6.15
1803 1 9 22 5 58 7.46 1.0 30 5.87 36.0 42 17.88 0.0 29 9.37
1804 1 9 22 14 18 7.46 88.0 27 3.91 -41.0 4 58.13 0.0 29 12.95
1805 1 9 22 22 38 7.46 -80.0 25 40.97 -27.0 7 20.92 0.0 29 17.15
1806 1 9 23 6 58 7.46 17.0 19 35.52 34.0 25 55.83 0.0 29 21.91
1807 1 9 23 15 18 7.46 96.0 0 24.57 -53.0 6 37.88 0.0 29 27.02
1808 1 9 23 23 38 7.46 -73.0 43 3.33 -15.0 37 42.50 0.0 29 32.76
1809 1 9 24 7 58 7.46 31.0 28 22.48 29.0 12 35.06 0.0 29 39.02
1810 1 9 24 16 18 7.46 107.0 2 42.57 -64.0 58 19.75 0.0 29 45.61
1811 1 9 25 0 38 7.46 -66.0 41 29.09 -4.0 27 53.37 0.0 29 52.83
1812 1 9 25 8 58 7.46 43.0 25 16.23 21.0 40 4.97 0.0 30 0.50
1813 1 9 25 17 18 7.46 130.0 25 42.53 -75.0 48 1.82 0.0 30 8.50
1814 1 9 26 1 38 7.46 -58.0 50 43.97 6.0 10 0.48 0.0 30 17.11
1815 1 9 26 9 58 7.46 53.0 21 9.52 12.0 25 43.88 0.0 30 26.08
1816 1 9 26 18 18 7.46 -165.0 9 1.47 -80.0 9 40.16 0.0 30 35.37
1817 1 9 27 2 38 7.46 -49.0 38 54.50 15.0 57 42.00 0.0 30 45.23
1818 1 9 27 10 58 7.46 61.0 43 41.87 1.0 58 6.78 0.0 30 55.35
1819 1 9 27 19 18 7.46 -117.0 16 51.13 -72.0 5 24.09 0.0 31 5.77
1820 1 9 28 3 38 7.46 -38.0 31 38.97 24.0 27 0.32 0.0 31 16.69
1821 1 9 28 11 58 7.46 69.0 2 26.31 -9.0 23 3.35 0.0 31 27.76
1822 1 9 28 20 18 7.46 -100.0 5 55.35 -60.0 19 39.58 0.0 31 39.08
1823 1 9 29 4 38 7.46 -25.0 1 20.80 30.0 56 48.81 0.0 31 50.81
1824 1 9 29 12 58 7.46 75.0 45 21.39 -21.0 24 24.31 0.0 32 2.55
1825 1 9 29 21 18 7.46 -90.0 25 31.07 -47.0 49 1.10 0.0 32 14.49
1826 1 9 30 5 38 7.46 -9.0 13 12.98 34.0 36 10.25 0.0 32 26.70
1827 1 9 30 13 58 7.46 82.0 22 20.30 -33.0 56 14.69 0.0 32 38.77
1828 1 9 30 22 18 7.46 -82.0 57 48.30 -35.0 5 25.06 0.0 32 50.97
1829 1 10 1 6 38 7.46 7.0 45 13.73 34.0 41 40.09 0.0 33 3.25
1830 1 10 1 14 58 7.46 89.0 36 52.59 -46.0 49 58.19 0.0 33 15.24
1831 1 10 1 23 18 7.46 -76.0 4 12.53 -22.0 22 6.99 0.0 33 27.24
1832 1 10 2 7 38 7.46 24.0 2 30.99 31.0 3 12.67 0.0 33 39.11
1833 1 10 2 15 58 7.46 99.0 5 29.32 -59.0 53 44.29 0.0 33 50.54
1834 1 10 3 0 18 7.46 -68.0 56 6.95 -9.0 50 59.71 0.0 34 1.84
1835 1 10 3 8 38 7.46 38.0 14 29.74 24.0 9 58.51 0.0 34 12.78
1836 1 10 3 16 58 7.46 116.0 37 45.61 -72.0 34 20.04 0.0 34 23.10
1837 1 10 4 1 18 7.46 -60.0 56 29.71 2.0 12 13.40 0.0 34 33.16
1838 1 10 4 9 38 7.46 50.0 1 30.17 14.0 49 13.88 0.0 34 42.60
1839 1 10 4 17 58 7.46 173.0 34 4.40 -81.0 1 39.87 0.0 34 51.28
1840 1 10 5 2 18 7.46 -51.0 27 17.55 13.0 23 55.11 0.0 34 59.54
1841 1 10 5 10 38 7.46 59.0 46 -115.04 3.0 44 57.82 0.0 35 6.94
1842 1 10 5 18 58 7.46 -120.0 22 37.20 -74.0 5 20.38 0.0 35 13.49
1843 1 10 6 3 18 7.46 -39.0 46 44.44 23.0 7 52.44 0.0 35 19.45
1844 1 10 6 11 38 7.46 68.0 4 8.99 -8.0 29 21.56 0.0 35 24.37
1845 1 10 6 19 58 7.46 -100.0 13 56.10 -61.0 13 8.30 0.0 35 28.36
1846 1 10 7 4 18 7.46 -25.0 20 55.10 30.0 31 37.55 0.0 35 31.65
1847 1 10 7 12 38 7.46 75.0 30 56.65 -21.0 29 30.51 0.0 35 33.76
1848 1 10 7 20 58 7.46 -89.0 56 37.36 -47.0 34 8.75 0.0 35 34.95
1849 1 10 8 5 18 7.46 -8.0 19 59.39 34.0 32 8.75 0.0 35 35.34
1850 1 10 8 13 38 7.46 82.0 44 11.91 -34.0 57 13.31 0.0 35 34.51
1851 1 10 8 21 58 7.46 -82.0 10 4.47 -33.0 53 25.32 0.0 35 32.83
1853 1 10 9 14 38 7.46 90.0 37 32.92 -48.0 36 49.34 0.0 35 26.61
1854 1 10 9 22 58 7.46 -74.0 59 33.48 -20.0 29 13.16 0.0 35 22.19
1855 1 10 10 7 18 7.46 26.0 30 45.16 30.0 6 38.01 0.0 35 16.93
1856 1 10 10 15 38 7.46 101.0 13 18.85 -62.0 9 34.20 0.0 35 10.63
1857 1 10 10 23 58 7.46 -67.0 33 45.70 -7.0 36 53.98 0.0 35 3.76
1858 1 10 11 8 18 7.46 40.0 37 54.35 22.0 34 56.79 0.0 34 56.13
1859 1 10 11 16 38 7.46 122.0 31 30.45 -74.0 47 3.73 0.0 34 47.64
1860 1 10 12 0 58 7.46 -59.0 16 23.07 4.0 25 46.87 0.0 34 38.76
1861 1 10 12 9 18 7.46 52.0 0 47.25 12.0 50 39.95 0.0 34 29.23
1862 1 10 12 17 38 7.46 -169.0 6 31.20 -80.0 55 42.91 0.0 34 19.07
1863 1 10 13 1 58 7.46 -49.0 33 6.85 15.0 15 25.53 0.0 34 8.70
1864 1 10 13 10 18 7.46 61.0 14 49.05 1.0 44 25.39 0.0 33 57.81
1865 1 10 13 18 38 7.46 -115.0 37 35.13 -72.0 12 21.49 0.0 33 46.54
1866 1 10 14 2 58 7.46 -37.0 50 51.74 24.0 19 57.99 0.0 33 35.22
1867 1 10 14 11 18 7.46 69.0 0 46.90 -10.0 9 31.57 0.0 33 23.53
1868 1 10 14 19 38 7.46 -98.0 41 51.50 -59.0 44 46.19 0.0 33 11.69
1869 1 10 15 3 58 7.46 -23.0 50 11.76 30.0 57 49.84 0.0 32 59.95
1870 1 10 15 12 18 7.46 75.0 54 48.20 -22.0 29 11.26 0.0 32 47.98
1871 1 10 15 20 38 7.46 -89.0 20 50.44 -46.0 57 44.38 0.0 32 36.07
1872 1 10 16 4 58 7.46 -7.0 52 51.77 34.0 25 17.56 0.0 32 24.36
1873 1 10 16 13 18 7.46 82.0 30 59.12 -35.0 0 12.09 0.0 32 12.56
1874 1 10 16 21 38 7.46 -82.0 8 51.00 -34.0 21 58.46 0.0 32 1.01
1875 1 10 17 5 58 7.46 8.0 40 2.08 34.0 16 23.23 0.0 31 49.74
1876 1 10 17 14 18 7.46 89.0 32 16.92 -47.0 32 6.83 0.0 31 38.50
1877 1 10 17 22 38 7.46 -75.0 33 35.48 -22.0 8 39.18 0.0 31 27.65
1878 1 10 18 6 58 7.46 24.0 3 58.69 30.0 41 34.08 0.0 31 17.14
1879 1 10 18 15 18 7.46 98.0 22 18.09 -59.0 54 8.10 0.0 31 6.77
1881 1 10 19 7 58 7.46 37.0 15 22.89 24.0 21 44.92 0.0 30 47.39
1882 1 10 19 16 18 7.46 113.0 24 34.92 -71.0 42 35.18 0.0 30 38.13
1883 1 10 20 0 38 7.46 -61.0 39 7.34 0.0 36 34.70 0.0 30 29.45
1884 1 10 20 8 58 7.46 48.0 8 2.61 16.0 4 55.53 0.0 30 21.14
1885 1 10 20 17 18 7.46 156.0 24 58.48 -80.0 44 37.39 0.0 30 13.16
1886 1 10 21 1 38 7.46 -53.0 25 30.71 10.0 46 20.58 0.0 30 5.81
1887 1 10 21 9 58 7.46 57.0 6 42.15 6.0 30 11.76 0.0 29 58.84
1888 1 10 21 18 18 7.46 -131.0 8 59.23 -77.0 38 45.66 0.0 29 52.28
1889 1 10 22 2 38 7.46 -43.0 45 50.47 19.0 44 43.22 0.0 29 46.38
1890 1 10 22 10 58 7.46 64.0 42 51.48 -3.0 55 23.42 0.0 29 40.85
1891 1 10 22 19 18 7.46 -105.0 46 9.26 -67.0 2 52.99 0.0 29 35.79
1892 1 10 23 3 38 7.46 -32.0 16 13.02 27.0 5 23.03 0.0 29 31.40
1893 1 10 23 11 58 7.46 71.0 25 32.57 -14.0 54 15.93 0.0 29 27.38
1894 1 10 23 20 18 7.46 -94.0 36 9.24 -55.0 23 8.83 0.0 29 23.89
1895 1 10 24 4 38 7.46 -18.0 47 44.43 32.0 14 35.18 0.0 29 21.06
1896 1 10 24 12 58 7.46 77.0 41 12.72 -26.0 15 2.88 0.0 29 18.60
1897 1 10 24 21 18 7.46 -87.0 6 17.85 -43.0 34 49.71 0.0 29 16.72
1898 1 10 25 5 38 7.46 -3.0 46 42.91 34.0 38 3.97 0.0 29 15.47
1899 1 10 25 13 58 7.46 83.0 58 28.71 -37.0 49 51.47 0.0 29 14.59
1900 1 10 25 22 18 7.46 -80.0 48 24.75 -31.0 50 51.54 0.0 29 14.34
1901 1 10 26 6 38 7.46 11.0 37 43.38 33.0 55 51.12 0.0 29 14.69
1902 1 10 26 14 58 7.46 90.0 59 47.37 -49.0 31 53.63 0.0 29 15.41
1903 1 10 26 23 18 7.46 -74.0 47 0.84 -20.0 17 49.58 0.0 29 16.79
1904 1 10 27 7 38 7.46 26.0 3 33.21 30.0 14 28.31 0.0 29 18.73
1905 1 10 27 15 58 7.46 100.0 17 19.84 -61.0 11 25.55 0.0 29 21.05
1906 1 10 28 0 18 7.46 -68.0 30 44.12 -9.0 2 8.50 0.0 29 24.05
1907 1 10 28 8 38 7.46 38.0 40 7.56 24.0 2 46.53 0.0 29 27.57
1908 1 10 28 16 58 7.46 116.0 52 11.77 -72.0 20 21.82 0.0 29 31.48
1909 1 10 29 1 18 7.46 -61.0 33 55.45 1.0 47 26.91 0.0 29 36.08
1910 1 10 29 9 38 7.46 49.0 19 53.59 15.0 56 26.63 0.0 29 41.14
1911 1 10 29 17 58 7.46 162.0 55 11.38 -80.0 17 27.52 0.0 29 46.61
1912 1 10 30 2 18 7.46 -53.0 29 32.55 11.0 57 33.05 0.0 29 52.76
1913 1 10 30 10 38 7.46 58.0 21 9.02 6.0 26 22.13 0.0 29 59.31
1914 1 10 30 18 58 7.46 -131.0 31 41.74 -76.0 21 6.71 0.0 30 6.28
1915 1 10 31 3 18 7.46 -43.0 46 27.03 21.0 7 8.12 0.0 30 13.91
1916 1 10 31 11 38 7.46 66.0 10 22.70 -4.0 4 40.42 0.0 30 21.87
1917 1 10 31 19 58 7.46 -107.0 13 55.13 -65.0 35 47.76 0.0 30 30.26
1918 1 11 1 4 18 7.46 -31.0 52 33.07 28.0 44 3.48 0.0 30 39.26
1919 1 11 1 12 38 7.46 73.0 14 37.96 -15.0 20 50.59 0.0 30 48.53
1920 1 11 1 20 58 7.46 -95.0 49 36.81 -53.0 33 56.82 0.0 30 58.21
1921 1 11 2 5 18 7.46 -17.0 30 39.42 34.0 3 45.60 0.0 31 8.44
1922 1 11 2 13 38 7.46 80.0 1 45.65 -27.0 10 54.34 0.0 31 18.84
1923 1 11 2 21 58 7.46 -87.0 57 5.36 -41.0 10 33.85 0.0 31 29.65
1924 1 11 3 6 18 7.46 -1.0 9 42.53 36.0 17 15.42 0.0 31 40.90
1925 1 11 3 14 38 7.46 87.0 6 59.03 -39.0 25 49.37 0.0 31 52.23
1926 1 11 3 22 58 7.46 -81.0 10 55.96 -28.0 41 0.56 0.0 32 3.92
1927 1 11 4 7 18 7.46 15.0 38 55.61 34.0 53 22.10 0.0 32 15.92
1928 1 11 4 15 38 7.46 95.0 32 39.06 -51.0 55 34.49 0.0 32 27.89
1929 1 11 4 23 58 7.46 -74.0 32 1.84 -16.0 14 59.64 0.0 32 40.16
1930 1 11 5 8 18 7.46 31.0 7 9.40 29.0 58 55.96 0.0 32 52.56
1931 1 11 5 16 38 7.46 108.0 1 1.74 -64.0 20 45.34 0.0 33 4.82
1932 1 11 6 0 58 7.46 -67.0 22 56.83 -4.0 3 32.03 0.0 33 17.29
1933 1 11 6 9 18 7.46 44.0 17 17.60 22.0 11 58.75 0.0 33 29.67
1934 1 11 6 17 38 7.46 135.0 3 38.83 -75.0 26 43.70 0.0 33 41.78
1935 1 11 7 1 58 7.46 -59.0 8 53.07 7.0 37 18.95 0.0 33 53.97
1936 1 11 7 10 18 7.46 55.0 11 3.14 12.0 17 56.69 0.0 34 5.84
1937 1 11 7 18 38 7.46 -158.0 40 21.54 -78.0 24 56.18 0.0 34 17.31
1938 1 11 8 2 58 7.46 -49.0 9 53.97 18.0 22 13.62 0.0 34 28.68
1939 1 11 8 11 18 7.46 64.0 18 54.59 0.0 54 34.99 0.0 34 39.49
1940 1 11 8 19 38 7.46 -116.0 21 54.80 -68.0 57 52.23 0.0 34 49.78
1941 1 11 9 3 58 7.46 -36.0 40 59.76 27.0 31 9.27 0.0 34 59.76
1942 1 11 9 12 18 7.46 72.0 17 17.75 -11.0 30 31.73 0.0 35 8.95
1943 1 11 9 20 38 7.46 -99.0 54 20.96 -56.0 8 51.88 0.0 35 17.50
1944 1 11 10 4 58 7.46 -21.0 10 9.43 34.0 5 38.18 0.0 35 25.54
1945 1 11 10 13 18 7.46 79.0 42 50.47 -24.0 37 16.03 0.0 35 32.59
1946 1 11 10 21 38 7.46 -90.0 1 57.46 -42.0 38 21.36 0.0 35 38.89
1947 1 11 11 5 58 7.46 -3.0 5 47.54 36.0 58 23.08 0.0 35 44.50
1948 1 11 11 14 18 7.46 87.0 18 44.14 -38.0 9 23.71 0.0 35 48.95
1949 1 11 11 22 38 7.46 -82.0 7 56.69 -29.0 1 52.81 0.0 35 52.61
1950 1 11 12 6 58 7.46 15.0 29 20.95 35.0 28 11.73 0.0 35 55.42
1951 1 11 12 15 18 7.46 96.0 18 33.54 -51.0 50 17.69 0.0 35 56.99
1952 1 11 12 23 38 7.46 -74.0 39 18.62 -15.0 37 35.98 0.0 35 57.77
1953 1 11 13 7 58 7.46 32.0 9 28.91 29.0 52 51.57 0.0 35 57.59
1954 1 11 13 16 18 7.46 109.0 58 57.81 -65.0 12 10.22 0.0 35 56.19
1955 1 11 14 0 38 7.46 -66.0 46 32.73 -2.0 42 25.13 0.0 35 54.04
1956 1 11 14 8 58 7.46 45.0 50 34.73 21.0 13 18.47 0.0 35 50.89
1957 1 11 14 17 18 7.46 141.0 55 28.11 -76.0 31 40.49 0.0 35 46.62
1958 1 11 15 1 38 7.46 -57.0 49 45.52 9.0 22 52.41 0.0 35 41.70
1959 1 11 15 9 58 7.46 56.0 49 20.14 10.0 33 35.01 0.0 35 35.80
1960 1 11 15 18 18 7.46 -147.0 49 22.82 -77.0 20 49.13 0.0 35 28.96
1961 1 11 16 2 38 7.46 -47.0 8 14.01 20.0 9 37.53 0.0 35 21.60
1962 1 11 16 10 58 7.46 65.0 50 47.25 -1.0 18 28.36 0.0 35 13.35
1963 1 11 16 19 18 7.46 -112.0 18 6.02 -66.0 42 1.93 0.0 35 4.38
1964 1 11 17 3 38 7.46 -34.0 2 33.76 28.0 57 27.65 0.0 34 55.04
1965 1 11 17 11 58 7.46 73.0 39 50.16 -13.0 51 8.11 0.0 34 44.95
1966 1 11 17 20 18 7.46 -97.0 55 0.13 -53.0 46 41.92 0.0 34 34.39
1967 1 11 18 4 38 7.46 -18.0 16 8.59 34.0 54 20.02 0.0 34 23.60
1968 1 11 18 12 58 7.46 80.0 57 24.04 -26.0 43 31.46 0.0 34 12.23
1969 1 11 18 21 18 7.46 -88.0 55 7.28 -40.0 35 30.66 0.0 34 0.64
1970 1 11 19 5 38 7.46 -0.0 35 43.03 37.0 10 17.98 0.0 33 48.96
1971 1 11 19 13 58 7.46 88.0 28 51.34 -39.0 40 38.60 0.0 33 36.88
1972 1 11 19 22 18 7.46 -81.0 37 57.21 -27.0 35 1.79 0.0 33 24.81
1973 1 11 20 6 38 7.46 17.0 0 16.46 35.0 27 9.36 0.0 33 12.75
1974 1 11 20 14 58 7.46 97.0 27 29.71 -52.0 28 19.61 0.0 33 0.48
1975 1 11 20 23 18 7.46 -74.0 46 42.82 -14.0 57 13.22 0.0 32 48.41
1976 1 11 21 7 38 7.46 32.0 36 26.88 30.0 14 26.69 0.0 32 36.46
1977 1 11 21 15 58 7.46 110.0 52 39.33 -64.0 42 31.65 0.0 32 24.45
1978 1 11 22 0 18 7.46 -67.0 40 29.36 -2.0 51 47.32 0.0 32 12.80
1979 1 11 22 8 38 7.46 45.0 30 59.02 22.0 28 9.00 0.0 32 1.33
1980 1 11 22 16 58 7.46 139.0 1 28.88 -74.0 59 27.58 0.0 31 49.96
1981 1 11 23 1 18 7.46 -59.0 47 7.76 8.0 29 42.93 0.0 31 39.08
1982 1 11 23 9 38 7.46 56.0 2 40.35 13.0 0 57.67 0.0 31 28.41
1983 1 11 23 17 58 7.46 -161.0 41 20.51 -77.0 22 53.45 0.0 31 17.99
1984 1 11 24 2 18 7.46 -50.0 33 49.64 18.0 50 47.77 0.0 31 8.12
1985 1 11 24 10 38 7.46 64.0 50 29.82 2.0 30 43.99 0.0 30 58.51
1986 1 11 24 18 58 7.46 -122.0 1 29.59 -69.0 11 40.01 0.0 30 49.25
1987 1 11 25 3 18 7.46 -39.0 25 6.85 27.0 46 34.87 0.0 30 40.60
1988 1 11 25 11 38 7.46 72.0 32 58.35 -8.0 37 57.26 0.0 30 32.23
1989 1 11 25 19 58 7.46 -105.0 18 26.55 -57.0 48 44.09 0.0 30 24.31
1990 1 11 26 4 18 7.46 -25.0 51 6.68 34.0 41 1.12 0.0 30 17.01
1991 1 11 26 12 38 7.46 79.0 45 0.03 -20.0 9 9.24 0.0 30 10.03
1992 1 11 26 20 58 7.46 -95.0 35 17.24 -45.0 45 30.44 0.0 30 3.57
1993 1 11 27 5 18 7.46 -9.0 53 22.40 38.0 49 30.98 0.0 29 57.73
1994 1 11 27 13 38 7.46 87.0 2 58.05 -31.0 51 23.84 0.0 29 52.21
1995 1 11 27 21 58 7.46 -88.0 17 46.57 -33.0 34 46.71 0.0 29 47.30
1996 1 11 28 6 18 7.46 7.0 23 5.95 39.0 34 41.61 0.0 29 42.98
1997 1 11 28 14 38 7.46 95.0 17 0.81 -43.0 33 50.27 0.0 29 39.01
1998 1 11 28 22 58 7.46 -81.0 52 16.51 -21.0 27 58.68 0.0 29 35.69
1999 1 11 29 7 18 7.46 24.0 4 34.97 36.0 50 18.60 0.0 29 32.94
2000 1 11 29 15 38 7.46 106.0 1 22.87 -55.0 0 11.59 0.0 29 30.56
2001 1 11 29 23 58 7.46 -75.0 33 31.08 -9.0 32 10.45 0.0 29 28.87
2002 1 11 30 8 18 7.46 38.0 42 8.77 31.0 6 42.93 0.0 29 27.71
2003 1 11 30 16 38 7.46 123.0 3 59.00 -65.0 31 13.62 0.0 29 26.95
2004 1 12 1 0 58 7.46 -68.0 49 54.84 2.0 5 11.54 0.0 29 26.89
2005 1 12 1 9 18 7.46 50.0 53 45.18 23.0 10 7.69 0.0 29 27.34
2006 1 12 1 17 38 7.46 155.0 31 55.69 -72.0 59 2.93 0.0 29 28.21
2007 1 12 2 1 58 7.46 -61.0 10 38.31 13.0 13 30.87 0.0 29 29.79
2008 1 12 2 10 18 7.46 61.0 2 32.87 13.0 41 54.02 0.0 29 31.83
2009 1 12 2 18 38 7.46 -157.0 37 56.95 -72.0 34 46.78 0.0 29 34.33
2010 1 12 3 2 58 7.46 -51.0 58 36.31 23.0 35 44.73 0.0 29 37.54
2011 1 12 3 11 18 7.46 69.0 45 15.76 3.0 11 57.42 0.0 29 41.16
2012 1 12 3 19 38 7.46 -126.0 43 9.28 -64.0 33 16.94 0.0 29 45.27
2013 1 12 4 3 58 7.46 -40.0 27 20.24 32.0 43 35.86 0.0 29 50.07
2014 1 12 4 12 18 7.46 77.0 38 20.91 -7.0 59 21.77 0.0 29 55.25
2015 1 12 4 20 38 7.46 -110.0 26 52.00 -53.0 34 41.40 0.0 30 0.93
2016 1 12 5 4 58 7.46 -25.0 49 38.54 39.0 51 50.17 0.0 30 7.28
2017 1 12 5 13 18 7.46 85.0 17 23.56 -19.0 37 33.25 0.0 30 13.95
2018 1 12 5 21 38 7.46 -100.0 5 54.73 -41.0 35 16.19 0.0 30 21.15
2019 1 12 6 5 58 7.46 -7.0 57 12.02 43.0 58 38.48 0.0 30 28.96
2020 1 12 6 14 18 7.46 93.0 23 55.57 -31.0 30 11.75 0.0 30 37.05
2021 1 12 6 22 38 7.46 -92.0 7 41.39 -29.0 11 2.07 0.0 30 45.68
2022 1 12 7 6 58 7.46 11.0 37 39.62 44.0 8 18.11 0.0 30 54.84
2023 1 12 7 15 18 7.46 103.0 1 24.02 -43.0 22 15.30 0.0 31 4.23
2024 1 12 7 23 38 7.46 -85.0 2 28.37 -16.0 37 14.41 0.0 31 14.15
2025 1 12 8 7 58 7.46 30.0 5 31.54 40.0 12 1.22 0.0 31 24.51
2026 1 12 8 16 18 7.46 116.0 14 19.24 -54.0 46 12.78 0.0 31 35.03
2027 1 12 9 0 38 7.46 -78.0 0 12.49 -4.0 4 18.09 0.0 31 46.07
2028 1 12 9 8 58 7.46 45.0 34 22.74 32.0 54 22.51 0.0 31 57.40
2029 1 12 9 17 18 7.46 137.0 39 34.28 -64.0 32 21.64 0.0 32 8.85
2030 1 12 10 1 38 7.46 -70.0 20 59.58 8.0 16 18.71 0.0 32 20.74
2031 1 12 10 9 58 7.46 57.0 59 54.25 23.0 15 47.59 0.0 32 32.78
2032 1 12 10 18 18 7.46 173.0 38 39.05 -69.0 34 0.47 0.0 32 44.85
2033 1 12 11 2 38 7.46 -61.0 20 35.34 20.0 7 32.54 0.0 32 57.27
2034 1 12 11 10 58 7.46 68.0 9 11.89 12.0 4 26.92 0.0 33 9.66
2035 1 12 11 19 18 7.46 -147.0 13 26.05 -66.0 10 30.73 0.0 33 21.99
2036 1 12 12 3 38 7.46 -50.0 0 10.46 31.0 0 21.14 0.0 33 34.54
2037 1 12 12 11 58 7.46 76.0 55 5.76 -0.0 7 22.52 0.0 33 46.84
2038 1 12 12 20 18 7.46 -122.0 26 50.61 -56.0 37 46.64 0.0 33 59.00
2039 1 12 13 4 38 7.46 -35.0 4 30.36 40.0 3 40.54 0.0 34 11.18
2040 1 12 13 12 58 7.46 85.0 5 24.21 -12.0 57 49.74 0.0 34 22.90
2041 1 12 13 21 18 7.46 -107.0 36 27.91 -44.0 33 14.22 0.0 34 34.36
2042 1 12 14 5 38 7.46 -15.0 39 54.04 45.0 55 35.71 0.0 34 45.63
2043 1 12 14 13 58 7.46 93.0 29 16.10 -26.0 9 29.26 0.0 34 56.22
2044 1 12 14 22 18 7.46 -97.0 8 24.80 -31.0 28 32.37 0.0 35 6.43
2045 1 12 15 6 38 7.46 6.0 51 7.16 47.0 4 2.03 0.0 35 16.21
2046 1 12 15 14 58 7.46 103.0 14 48.07 -39.0 23 7.98 0.0 35 25.11
2047 1 12 15 23 18 7.46 -88.0 27 7.63 -18.0 0 27.55 0.0 35 33.51
2048 1 12 16 7 38 7.46 28.0 17 57.66 42.0 59 30.06 0.0 35 41.24
2049 1 12 16 15 58 7.46 116.0 30 54.97 -52.0 6 38.07 0.0 35 47.93
2050 1 12 17 0 18 7.46 -80.0 13 5.00 -4.0 30 15.21 0.0 35 54.01
2051 1 12 17 8 38 7.46 45.0 38 10.73 34.0 46 4.14 0.0 35 59.21
2052 1 12 17 16 58 7.46 138.0 8 6.48 -63.0 2 19.09 0.0 36 3.26
2053 1 12 18 1 18 7.46 -71.0 30 53.91 8.0 42 51.29 0.0 36 6.63
2054 1 12 18 9 38 7.46 58.0 54 23.28 23.0 54 56.83 0.0 36 8.95
2055 1 12 18 17 58 7.46 175.0 6 50.97 -68.0 41 24.97 0.0 36 10.10
2056 1 12 19 2 18 7.46 -61.0 25 44.96 21.0 14 30.05 0.0 36 10.53
2057 1 12 19 10 38 7.46 69.0 22 44.11 11.0 33 54.70 0.0 36 9.81
2058 1 12 19 18 58 7.46 -144.0 51 6.37 -65.0 0 18.58 0.0 36 7.99
2059 1 12 20 3 18 7.46 -48.0 50 19.57 32.0 27 32.40 0.0 36 5.45
2060 1 12 20 11 38 7.46 78.0 15 43.33 -1.0 34 51.55 0.0 36 1.74
2061 1 12 20 19 58 7.46 -120.0 11 35.20 -54.0 50 42.01 0.0 35 57.07
2062 1 12 21 4 18 7.46 -32.0 27 40.75 41.0 22 4.19 0.0 35 51.73
2063 1 12 21 12 38 7.46 86.0 31 50.32 -15.0 4 17.43 0.0 35 45.29
2064 1 12 21 20 58 7.46 -105.0 39 11.67 -42.0 18 37.39 0.0 35 38.09
2065 1 12 22 5 18 7.46 -11.0 47 28.71 46.0 32 16.86 0.0 35 30.32
2066 1 12 22 13 38 7.46 95.0 7 15.61 -28.0 33 46.12 0.0 35 21.57
2067 1 12 22 21 58 7.46 -95.0 28 20.13 -29.0 2 6.46 0.0 35 12.29
2068 1 12 23 6 18 7.46 10.0 57 10.92 46.0 42 33.57 0.0 35 2.55
2069 1 12 23 14 38 7.46 105.0 17 32.43 -41.0 41 34.15 0.0 34 52.02
2070 1 12 23 22 58 7.46 -87.0 4 57.50 -15.0 38 29.81 0.0 34 41.21
2071 1 12 24 7 18 7.46 31.0 32 11.89 41.0 58 27.23 0.0 34 30.05
2072 1 12 24 15 38 7.46 119.0 21 24.79 -53.0 52 14.29 0.0 34 18.33
2073 1 12 24 23 58 7.46 -79.0 12 49.95 -2.0 27 6.15 0.0 34 6.54
2074 1 12 25 8 18 7.46 47.0 49 5.84 33.0 42 49.88 0.0 33 54.53
2075 1 12 25 16 38 7.46 142.0 2 8.19 -63.0 42 52.70 0.0 33 42.17
2076 1 12 26 0 58 7.46 -71.0 1 8.77 10.0 17 9.05 0.0 33 29.95
2077 1 12 26 9 18 7.46 60.0 20 26.20 23.0 22 46.48 0.0 33 17.61
2078 1 12 26 17 38 7.46 177.0 49 41.93 -68.0 0 3.62 0.0 33 5.14
2080 1 12 27 10 18 7.46 70.0 22 44.17 11.0 56 14.18 0.0 32 40.76
2081 1 12 27 18 38 7.46 -146.0 21 42.69 -64.0 2 32.58 0.0 32 28.63
2082 1 12 28 2 58 7.46 -50.0 17 50.39 33.0 7 43.60 0.0 32 16.90
2083 1 12 28 11 18 7.46 79.0 1 39.58 -0.0 2 46.22 0.0 32 5.23
2084 1 12 28 19 38 7.46 -123.0 47 43.45 -54.0 40 45.17 0.0 31 53.80
2085 1 12 29 3 58 7.46 -35.0 38 27.60 42.0 6 55.25 0.0 31 42.85
2086 1 12 29 12 18 7.46 87.0 8 43.47 -12.0 13 19.43 0.0 31 32.03
2087 1 12 29 20 38 7.46 -110.0 3 17.82 -43.0 11 27.73 0.0 31 21.60
2088 1 12 30 4 58 7.46 -16.0 51 27.73 48.0 9 47.16 0.0 31 11.68
2089 1 12 30 13 18 7.46 95.0 31 23.24 -24.0 19 44.89 0.0 31 1.96
2090 1 12 30 21 38 7.46 -100.0 26 29.14 -30.0 55 55.16 0.0 30 52.73
2091 1 12 31 5 58 7.46 5.0 2 12.40 50.0 3 6.56 0.0 30 44.04
2092 1 12 31 14 18 7.46 105.0 7 14.22 -36.0 5 18.89 0.0 30 35.59
2093 1 12 31 22 38 7.46 -92.0 42 22.06 -18.0 25 2.74 0.0 30 27.73
2094 2 1 1 6 58 7.46 26.0 24 47.56 47.0 20 45.00 0.0 30 20.40
2095 2 1 1 15 18 7.46 117.0 25 32.40 -47.0 3 48.55 0.0 30 13.37
2096 2 1 1 23 38 7.46 -85.0 42 43.85 -5.0 53 18.65 0.0 30 6.99
2097 2 1 2 7 58 7.46 44.0 10 32.56 40.0 53 43.91 0.0 30 1.11
2098 2 1 2 16 18 7.46 134.0 56 16.51 -56.0 22 40.50 0.0 29 55.59
2099 2 1 3 0 38 7.46 -78.0 43 49.81 6.0 29 43.64 0.0 29 50.76
2100 2 1 3 8 58 7.46 57.0 59 46.14 32.0 1 3.96 0.0 29 46.42
2101 2 1 3 17 18 7.46 160.0 30 13.07 -62.0 14 37.43 0.0 29 42.47
2102 2 1 4 1 38 7.46 -71.0 6 48.26 18.0 34 18.95 0.0 29 39.24
2103 2 1 4 9 58 7.46 68.0 56 22.95 21.0 43 38.89 0.0 29 36.46
2104 2 1 4 18 18 7.46 -168.0 45 14.01 -62.0 20 18.39 0.0 29 34.13
2105 2 1 5 2 38 7.46 -62.0 4 35.57 30.0 6 16.87 0.0 29 32.52
2106 2 1 5 10 58 7.46 78.0 8 10.97 10.0 39 6.01 0.0 29 31.34
2107 2 1 5 19 18 7.46 -143.0 1 10.50 -56.0 35 52.71 0.0 29 30.64
2108 2 1 6 3 38 7.46 -50.0 28 41.94 40.0 40 38.56 0.0 29 30.67
2109 2 1 6 11 58 7.46 86.0 28 46.92 -0.0 49 27.76 0.0 29 31.09
2110 2 1 6 20 18 7.46 -125.0 30 19.89 -47.0 18 29.58 0.0 29 32.04
2111 2 1 7 4 38 7.46 -34.0 40 27.34 49.0 30 6.49 0.0 29 33.70
2112 2 1 7 12 58 7.46 94.0 42 46.21 -12.0 25 37.84 0.0 29 35.72
2113 2 1 7 21 18 7.46 -113.0 26 11.67 -36.0 16 46.02 0.0 29 38.31
2114 2 1 8 5 38 7.46 -13.0 13 12.51 55.0 11 22.34 0.0 29 41.57
2115 2 1 8 13 58 7.46 103.0 35 33.30 -23.0 53 57.69 0.0 29 45.18
2116 2 1 8 22 18 7.46 -104.0 18 16.61 -24.0 23 25.81 0.0 29 49.40
2117 2 1 9 6 38 7.46 12.0 9 4.57 56.0 5 14.62 0.0 29 54.23
2118 2 1 9 14 58 7.46 114.0 5 31.60 -34.0 54 7.52 0.0 29 59.40
2119 2 1 9 23 18 7.46 -96.0 38 31.38 -12.0 3 18.71 0.0 30 5.19
2120 2 1 10 7 38 7.46 35.0 33 31.67 51.0 49 20.18 0.0 30 11.55
2121 2 1 10 15 58 7.46 127.0 38 57.67 -44.0 51 45.25 0.0 30 18.21
2122 2 1 11 0 18 7.46 -89.0 32 48.33 0.0 29 57.31 0.0 30 25.52
2123 2 1 11 8 38 7.46 53.0 29 44.86 43.0 46 34.09 0.0 30 33.31
2124 2 1 11 16 58 7.46 146.0 12 1.87 -52.0 42 45.53 0.0 30 41.40
2125 2 1 12 1 18 7.46 -82.0 19 17.87 13.0 6 17.85 0.0 30 50.12
2126 2 1 12 9 38 7.46 66.0 45 24.68 33.0 31 41.74 0.0 30 59.23
2127 2 1 12 17 58 7.46 170.0 37 13.34 -56.0 42 6.45 0.0 31 8.62
2128 2 1 13 2 18 7.46 -74.0 13 11.37 25.0 34 29.10 0.0 31 18.62
2129 2 1 13 10 38 7.46 77.0 7 45.58 22.0 4 17.18 0.0 31 28.88
2130 2 1 13 18 58 7.46 -163.0 3 2.83 -55.0 16 34.24 0.0 31 39.41
2131 2 1 14 3 18 7.46 -64.0 9 36.86 37.0 36 29.09 0.0 31 50.48
2132 2 1 14 11 38 7.46 85.0 59 38.33 9.0 57 21.02 0.0 32 1.70
2133 2 1 14 19 58 7.46 -141.0 7 37.25 -48.0 50 42.14 0.0 32 13.14
2134 2 1 15 4 18 7.46 -50.0 17 6.02 48.0 36 4.23 0.0 32 25.01
2135 2 1 15 12 38 7.46 94.0 20 24.91 -2.0 28 42.28 0.0 32 36.89
2136 2 1 15 20 58 7.46 -125.0 4 44.72 -39.0 9 48.19 0.0 32 48.95
2137 2 1 16 5 18 7.46 -29.0 36 5.92 57.0 13 35.09 0.0 33 1.29
2138 2 1 16 13 38 7.46 103.0 0 54.58 -14.0 57 4.08 0.0 33 13.48
2139 2 1 16 21 58 7.46 -113.0 10 2.39 -27.0 39 1.28 0.0 33 25.77
2140 2 1 17 6 18 7.46 -0.0 33 10.20 60.0 59 38.78 0.0 33 38.17
2141 2 1 17 14 38 7.46 112.0 58 38.56 -27.0 7 31.18 0.0 33 50.24
2142 2 1 17 22 58 7.46 -103.0 36 53.00 -15.0 6 21.51 0.0 34 2.31
2143 2 1 18 7 18 7.46 29.0 27 54.90 57.0 54 25.00 0.0 34 14.27
2144 2 1 18 15 38 7.46 125.0 34 57.94 -38.0 27 14.76 0.0 34 25.72
2145 2 1 18 23 58 7.46 -95.0 11 1.96 -1.0 58 44.15 0.0 34 37.05
2146 2 1 19 8 18 7.46 51.0 41 27.55 49.0 21 20.88 0.0 34 48.01
2147 2 1 19 16 38 7.46 142.0 47 30.17 -47.0 54 47.19 0.0 34 58.30
2148 2 1 20 0 58 7.46 -86.0 56 36.06 11.0 25 28.89 0.0 35 8.32
2149 2 1 20 9 18 7.46 66.0 45 21.73 37.0 53 44.09 0.0 35 17.71
2150 2 1 20 17 38 7.46 166.0 14 14.85 -53.0 41 4.20 0.0 35 26.29
2151 2 1 21 1 58 7.46 -77.0 57 53.44 24.0 48 37.83 0.0 35 34.44
2152 2 1 21 10 18 7.46 77.0 48 3.34 25.0 2 49.68 0.0 35 41.72
2153 2 1 21 18 38 7.46 -166.0 39 53.57 -53.0 42 37.99 0.0 35 48.07
2154 2 1 22 2 58 7.46 -66.0 57 27.86 37.0 45 55.62 0.0 35 53.84
2155 2 1 22 11 18 7.46 86.0 55 57.67 11.0 33 49.24 0.0 35 58.54
2156 2 1 22 19 38 7.46 -142.0 53 14.58 -47.0 50 48.28 0.0 36 2.25
2158 2 1 23 12 18 7.46 95.0 27 9.25 -2.0 6 41.28 0.0 36 7.06
2159 2 1 23 20 38 7.46 -125.0 22 0.65 -38.0 0 51.26 0.0 36 7.89
2160 2 1 24 4 58 7.46 -28.0 35 35.82 58.0 23 29.83 0.0 36 7.93
2161 2 1 24 13 18 7.46 104.0 22 9.39 -15.0 36 50.02 0.0 36 6.70
2162 2 1 24 21 38 7.46 -112.0 34 36.25 -26.0 3 25.32 0.0 36 4.57
2163 2 1 25 5 58 7.46 3.0 17 18.48 61.0 25 17.71 0.0 36 1.63
2164 2 1 25 14 18 7.46 114.0 46 32.97 -28.0 30 47.44 0.0 35 57.46
2165 2 1 25 22 38 7.46 -102.0 31 17.99 -13.0 3 29.09 0.0 35 52.53
2166 2 1 26 6 58 7.46 33.0 44 14.42 56.0 58 49.45 0.0 35 46.79
2167 2 1 26 15 18 7.46 128.0 10 48.77 -40.0 8 22.58 0.0 35 39.96
2168 2 1 26 23 38 7.46 -93.0 47 49.37 0.0 22 55.72 0.0 35 32.54
2169 2 1 27 7 58 7.46 54.0 50 53.09 47.0 27 57.51 0.0 35 24.39
2170 2 1 27 16 18 7.46 146.0 35 29.55 -49.0 18 17.96 0.0 35 15.33
2171 2 1 28 0 38 7.46 -85.0 23 13.46 13.0 52 53.82 0.0 35 5.89
2172 2 1 28 8 58 7.46 68.0 59 15.97 35.0 38 56.83 0.0 34 55.81
2173 2 1 28 17 18 7.46 170.0 58 3.50 -54.0 6 52.64 0.0 34 45.07
2174 2 1 29 1 38 7.46 -76.0 20 12.83 27.0 7 16.63 0.0 34 34.13
2175 2 1 29 9 58 7.46 79.0 30 11.67 22.0 56 22.39 0.0 34 22.69
2176 2 1 29 18 18 7.46 -162.0 42 49.33 -52.0 57 59.32 0.0 34 10.83
2177 2 1 30 2 38 7.46 -65.0 23 18.11 39.0 42 48.02 0.0 33 58.96
2178 2 1 30 10 58 7.46 88.0 21 37.42 9.0 59 40.21 0.0 33 46.73
2179 2 1 30 19 18 7.46 -140.0 56 59.94 -46.0 29 20.48 0.0 33 34.31
2180 2 1 31 3 38 7.46 -50.0 27 15.19 50.0 59 11.42 0.0 33 22.04
2181 2 1 31 11 58 7.46 96.0 43 46.30 -2.0 48 51.05 0.0 33 9.53
2182 2 1 31 20 18 7.46 -125.0 13 39.27 -36.0 44 40.52 0.0 32 57.07
2183 2 2 1 4 38 7.46 -28.0 15 15.31 59.0 32 27.34 0.0 32 44.86
2184 2 2 1 12 58 7.46 105.0 29 34.75 -15.0 11 28.69 0.0 32 32.55
2185 2 2 1 21 18 7.46 -113.0 45 55.59 -25.0 19 58.91 0.0 32 20.48
2186 2 2 2 5 38 7.46 2.0 22 28.28 62.0 53 36.97 0.0 32 8.74
2187 2 2 2 13 58 7.46 115.0 32 46.14 -26.0 47 42.10 0.0 31 57.01
2188 2 2 2 22 18 7.46 -104.0 47 39.29 -13.0 7 14.05 0.0 31 45.68
2189 2 2 3 6 38 7.46 32.0 35 44.80 59.0 31 23.36 0.0 31 34.72
2190 2 2 3 14 58 7.46 127.0 59 22.38 -37.0 6 39.19 0.0 31 23.89
2191 2 2 3 23 18 7.46 -97.0 8 2.94 -0.0 33 19.87 0.0 31 13.57
2192 2 2 4 7 38 7.46 54.0 11 58.74 51.0 21 8.34 0.0 31 3.65
2193 2 2 4 15 58 7.46 144.0 5 11.58 -45.0 17 32.27 0.0 30 53.95
2194 2 2 5 0 18 7.46 -89.0 58 15.85 12.0 6 23.28 0.0 30 44.85
2195 2 2 5 8 38 7.46 68.0 45 6.44 40.0 54 0.96 0.0 30 36.15
2196 2 2 5 16 58 7.46 164.0 22 59.52 -50.0 5 34.32 0.0 30 27.77
2197 2 2 6 1 18 7.46 -82.0 36 2.01 24.0 40 57.47 0.0 30 20.04
2198 2 2 6 9 38 7.46 79.0 27 24.29 29.0 30 34.76 0.0 30 12.70
2199 2 2 6 17 58 7.46 -173.0 11 26.00 -50.0 21 40.25 0.0 30 5.75
2200 2 2 7 2 18 7.46 -74.0 10 14.53 36.0 58 52.53 0.0 29 59.49
2201 2 2 7 10 38 7.46 88.0 17 8.05 17.0 48 1.82 0.0 29 53.62
2202 2 2 7 18 58 7.46 -152.0 48 23.16 -46.0 5 45.67 0.0 29 48.20
2203 2 2 8 3 18 7.46 -63.0 16 31.66 48.0 41 36.61 0.0 29 43.48
2204 2 2 8 11 38 7.46 96.0 22 46.99 6.0 6 23.52 0.0 29 39.13
2205 2 2 8 19 58 7.46 -136.0 44 2.52 -38.0 28 24.33 0.0 29 35.30
2206 2 2 9 4 18 7.46 -47.0 7 28.47 59.0 8 20.73 0.0 29 32.16
2207 2 2 9 12 38 7.46 104.0 31 11.12 -5.0 19 41.35 0.0 29 29.38
2208 2 2 9 20 58 7.46 -124.0 33 14.42 -28.0 46 53.30 0.0 29 27.17
2209 2 2 10 5 18 7.46 -20.0 47 3.18 66.0 36 15.21 0.0 29 25.63
2210 2 2 10 13 38 7.46 113.0 23 20.14 -16.0 14 52.91 0.0 29 24.45
2211 2 2 10 21 58 7.46 -115.0 3 29.17 -17.0 53 6.34 0.0 29 23.89
2212 2 2 11 6 18 7.46 15.0 37 1.62 67.0 55 4.68 0.0 29 23.95
2213 2 2 11 14 38 7.46 123.0 43 26.47 -26.0 18 18.32 0.0 29 24.38
2214 2 2 11 22 58 7.46 -107.0 13 3.25 -6.0 16 55.99 0.0 29 25.46
2215 2 2 12 7 18 7.46 46.0 14 21.37 62.0 16 30.06 0.0 29 27.13
2216 2 2 12 15 38 7.46 136.0 21 42.38 -34.0 58 0.53 0.0 29 29.16
2217 2 2 12 23 58 7.46 -100.0 16 52.79 5.0 44 32.19 0.0 29 31.88
2218 2 2 13 8 18 7.46 65.0 19 57.43 52.0 47 4.82 0.0 29 35.12
2219 2 2 13 16 38 7.46 152.0 1 13.16 -41.0 25 55.57 0.0 29 38.75
2220 2 2 14 0 58 7.46 -93.0 39 3.31 18.0 0 40.16 0.0 29 43.06
2221 2 2 14 9 18 7.46 77.0 48 23.06 41.0 44 15.16 0.0 29 47.86
2222 2 2 14 17 38 7.46 170.0 32 7.09 -44.0 41 59.40 0.0 29 53.04
2223 2 2 15 1 58 7.46 -86.0 42 54.53 30.0 23 18.25 0.0 29 58.91
2224 2 2 15 10 18 7.46 87.0 11 28.30 30.0 4 25.21 0.0 30 5.19
2225 2 2 15 18 38 7.46 -169.0 58 34.15 -44.0 1 33.14 0.0 30 11.87
2226 2 2 16 2 58 7.46 -78.0 35 50.16 42.0 43 8.15 0.0 30 19.23
2227 2 2 16 11 18 7.46 95.0 14 57.28 18.0 12 15.15 0.0 30 26.92
2228 2 2 16 19 38 7.46 -152.0 12 11.90 -39.0 30 18.45 0.0 30 35.02
2229 2 2 17 3 58 7.46 -67.0 33 45.86 54.0 43 0.02 0.0 30 43.74
2230 2 2 17 12 18 7.46 102.0 58 20.50 6.0 22 27.75 0.0 30 52.72
2231 2 2 17 20 38 7.46 -137.0 33 15.83 -31.0 57 50.59 0.0 31 2.11
2232 2 2 18 4 58 7.46 -49.0 15 26.79 65.0 36 1.72 0.0 31 12.05
2233 2 2 18 13 18 7.46 111.0 4 58.05 -5.0 11 34.28 0.0 31 22.17
2234 2 2 18 21 38 7.46 -125.0 51 32.84 -22.0 20 21.26 0.0 31 32.68
2235 2 2 19 5 58 7.46 -13.0 44 29.27 72.0 42 58.61 0.0 31 43.63
2236 2 2 19 14 18 7.46 120.0 16 38.16 -16.0 12 34.94 0.0 31 54.66
2237 2 2 19 22 38 7.46 -116.0 20 5.70 -11.0 19 46.56 0.0 32 6.05
2238 2 2 20 6 58 7.46 32.0 57 22.75 70.0 52 11.85 0.0 32 17.74
2239 2 2 20 15 18 7.46 131.0 21 26.33 -26.0 13 56.50 0.0 32 29.41
2240 2 2 20 23 38 7.46 -108.0 11 27.78 0.0 36 50.97 0.0 32 41.36
2241 2 2 21 7 58 7.46 61.0 19 3.64 61.0 36 4.78 0.0 32 53.46
2242 2 2 21 16 18 7.46 145.0 12 32.82 -34.0 32 52.79 0.0 33 5.40
2243 2 2 22 0 38 7.46 -100.0 44 49.06 13.0 12 7.81 0.0 33 17.53
2244 2 2 22 8 58 7.46 76.0 35 0.75 49.0 39 47.29 0.0 33 29.60
2245 2 2 22 17 18 7.46 162.0 22 8.86 -40.0 6 21.49 0.0 33 41.38
2246 2 2 23 1 38 7.46 -93.0 20 26.53 26.0 13 26.36 0.0 33 53.23
2247 2 2 23 9 58 7.46 86.0 47 26.50 36.0 48 33.02 0.0 34 4.78
2248 2 2 23 18 18 7.46 -178.0 1 0.68 -41.0 44 56.36 0.0 34 15.91
2249 2 2 24 2 38 7.46 -85.0 5 57.26 39.0 28 35.24 0.0 34 26.95
2250 2 2 24 10 58 7.46 95.0 5 46.23 23.0 37 41.19 0.0 34 37.43
2251 2 2 24 19 18 7.46 -158.0 34 48.45 -38.0 55 32.50 0.0 34 47.37
2252 2 2 25 3 38 7.46 -74.0 21 11.71 52.0 39 10.30 0.0 34 57.03
2253 2 2 25 11 58 7.46 102.0 55 3.42 10.0 26 4.23 0.0 35 5.89
2254 2 2 25 20 18 7.46 -141.0 48 7.23 -32.0 9 26.08 0.0 35 14.09
2255 2 2 26 4 38 7.46 -56.0 39 55.42 64.0 59 31.28 0.0 35 21.81
2256 2 2 26 12 58 7.46 111.0 8 47.89 -2.0 29 2.28 0.0 35 28.52
2257 2 2 26 21 18 7.46 -128.0 18 53.52 -22.0 32 27.63 0.0 35 34.49
2258 2 2 27 5 38 7.46 -19.0 19 45.12 73.0 39 12.33 0.0 35 39.78
2259 2 2 27 13 58 7.46 120.0 35 25.73 -14.0 45 12.48 0.0 35 43.91
2260 2 2 27 22 18 7.46 -117.0 29 21.44 -11.0 4 53.81 0.0 35 47.25
2261 2 2 28 6 38 7.46 34.0 2 49.84 71.0 43 30.87 0.0 35 49.75
2262 2 2 28 14 58 7.46 132.0 9 50.72 -25.0 48 28.78 0.0 35 51.02
2263 2 2 28 23 18 7.46 -108.0 25 17.78 1.0 30 39.34 0.0 35 51.49
2264 2 3 1 7 38 7.46 63.0 30 47.54 61.0 12 16.72 0.0 35 51.02
2265 2 3 1 15 58 7.46 146.0 50 56.82 -34.0 45 59.06 0.0 35 49.33
2266 2 3 2 0 18 7.46 -100.0 17 12.25 14.0 45 30.88 0.0 35 46.89
2267 2 3 2 8 38 7.46 78.0 23 47.28 48.0 13 49.03 0.0 35 43.47
2268 2 3 2 16 58 7.46 165.0 4 39.68 -40.0 23 58.88 0.0 35 38.93
2269 2 3 3 1 18 7.46 -92.0 17 40.97 28.0 18 54.19 0.0 35 33.74
2270 2 3 3 9 38 7.46 88.0 19 52.79 34.0 41 22.63 0.0 35 27.59
2271 2 3 3 17 58 7.46 -174.0 32 45.67 -41.0 32 8.58 0.0 35 20.49
2272 2 3 4 2 18 7.46 -83.0 25 58.00 41.0 52 31.19 0.0 35 12.89
2273 2 3 4 10 38 7.46 96.0 32 15.48 21.0 10 51.91 0.0 35 4.40
2274 2 3 4 18 58 7.46 -155.0 11 36.23 -37.0 56 57.78 0.0 34 55.20
2275 2 3 5 3 18 7.46 -71.0 46 56.57 55.0 2 39.96 0.0 34 45.63
2276 2 3 5 11 38 7.46 104.0 22 15.39 8.0 1 42.52 0.0 34 35.32
2277 2 3 5 19 58 7.46 -139.0 10 3.67 -30.0 35 57.07 0.0 34 24.54
2278 2 3 6 4 18 7.46 -52.0 15 52.20 66.0 55 35.00 0.0 34 13.54
2279 2 3 6 12 38 7.46 112.0 39 17.64 -4.0 29 3.65 0.0 34 1.97
2280 2 3 6 20 58 7.46 -126.0 38 3.51 -20.0 47 57.55 0.0 33 50.17
2281 2 3 7 5 18 7.46 -11.0 58 15.46 74.0 21 42.73 0.0 33 38.30
2282 2 3 7 13 38 7.46 122.0 5 55.75 -16.0 0 59.93 0.0 33 26.02
2283 2 3 7 21 58 7.46 -116.0 44 13.53 -9.0 34 2.47 0.0 33 13.75
2284 2 3 8 6 18 7.46 38.0 26 18.75 71.0 22 54.41 0.0 33 1.52
2285 2 3 8 14 38 7.46 133.0 26 4.97 -26.0 5 28.91 0.0 32 49.06
2286 2 3 8 22 58 7.46 -108.0 33 26.18 2.0 27 14.16 0.0 32 36.80
2287 2 3 9 7 18 7.46 65.0 10 52.56 61.0 21 15.49 0.0 32 24.67
2288 2 3 9 15 38 7.46 147.0 19 35.76 -34.0 1 29.73 0.0 32 12.48
2289 2 3 9 23 58 7.46 -101.0 21 1.11 14.0 52 36.09 0.0 32 0.65
2290 2 3 10 8 18 7.46 79.0 12 11.56 49.0 27 45.68 0.0 31 49.01
2291 2 3 10 16 38 7.46 163.0 53 37.51 -38.0 57 9.39 0.0 31 37.47
2292 2 3 11 0 58 7.46 -94.0 28 46.26 27.0 27 24.02 0.0 31 26.40
2293 2 3 11 9 18 7.46 88.0 42 24.07 37.0 12 33.70 0.0 31 15.56
2294 2 3 11 17 38 7.46 -178.0 0 47.83 -40.0 7 43.81 0.0 31 4.96
2295 2 3 12 1 58 7.46 -87.0 14 19.40 40.0 0 53.93 0.0 30 54.91
2296 2 3 12 10 18 7.46 96.0 30 23.45 25.0 3 23.82 0.0 30 45.13
2297 2 3 12 18 38 7.46 -160.0 37 39.90 -37.0 26 28.50 0.0 30 35.69
2298 2 3 13 2 58 7.46 -78.0 28 42.02 52.0 21 47.69 0.0 30 26.86
2299 2 3 13 11 18 7.46 103.0 47 45.65 13.0 13 47.57 0.0 30 18.31
2300 2 3 13 19 38 7.46 -145.0 42 18.91 -31.0 32 8.50 0.0 30 10.20
2301 2 3 14 3 58 7.46 -65.0 27 19.75 64.0 8 37.25 0.0 30 2.72
2302 2 3 14 12 18 7.46 111.0 15 47.69 1.0 54 35.85 0.0 29 55.55
2303 2 3 14 20 38 7.46 -133.0 37 35.27 -23.0 21 8.80 0.0 29 48.89
2304 2 3 15 4 58 7.46 -39.0 20 50.75 74.0 7 44.34 0.0 29 42.86
2305 2 3 15 13 18 7.46 119.0 26 50.04 -8.0 41 37.07 0.0 29 37.15
2306 2 3 15 21 38 7.46 -123.0 54 57.89 -13.0 41 21.80 0.0 29 32.03
2307 2 3 16 5 58 7.46 15.0 15 35.60 77.0 19 25.95 0.0 29 27.51
2308 2 3 16 14 18 7.46 128.0 52 8.06 -18.0 17 29.07 0.0 29 23.33
2309 2 3 16 22 38 7.46 -115.0 54 36.38 -3.0 5 23.66 0.0 29 19.79
2310 2 3 17 6 58 7.46 57.0 13 0.33 70.0 19 32.12 0.0 29 16.82
2311 2 3 17 15 18 7.46 140.0 2 32.08 -26.0 27 56.01 0.0 29 14.22
2312 2 3 17 23 38 7.46 -109.0 1 20.00 8.0 6 17.25 0.0 29 12.29
2313 2 3 18 7 58 7.46 75.0 38 49.73 59.0 38 29.19 0.0 29 10.89
2314 2 3 18 16 18 7.46 153.0 19 33.80 -32.0 38 36.12 0.0 29 9.89
2315 2 3 19 0 38 7.46 -102.0 45 55.06 19.0 40 56.97 0.0 29 9.58
2316 2 3 19 8 58 7.46 86.0 12 47.04 48.0 7 49.31 0.0 29 9.77
2317 2 3 19 17 18 7.46 168.0 33 41.24 -36.0 9 45.09 0.0 29 10.37
2318 2 3 20 1 38 7.46 -96.0 40 50.79 31.0 30 17.14 0.0 29 11.68
2319 2 3 20 9 58 7.46 94.0 2 40.42 36.0 27 13.31 0.0 29 13.44
2320 2 3 20 18 18 7.46 -175.0 16 17.61 -36.0 30 29.43 0.0 29 15.65
2321 2 3 21 2 38 7.46 -90.0 11 44.80 43.0 27 56.36 0.0 29 18.56
2322 2 3 21 10 58 7.46 100.0 54 2.14 24.0 50 45.15 0.0 29 21.88
2323 2 3 21 19 18 7.46 -159.0 45 2.24 -33.0 36 54.22 0.0 29 25.67
2324 2 3 22 3 38 7.46 -82.0 15 56.12 55.0 26 36.47 0.0 29 30.14
2325 2 3 22 11 58 7.46 107.0 36 39.09 13.0 27 15.73 0.0 29 34.98
2326 2 3 22 20 18 7.46 -146.0 4 57.58 -27.0 54 35.88 0.0 29 40.32
2327 2 3 23 4 38 7.46 -70.0 2 57.20 67.0 10 10.21 0.0 29 46.30
2328 2 3 23 12 58 7.46 114.0 43 32.48 2.0 25 59.91 0.0 29 52.61
2329 2 3 23 21 18 7.46 -134.0 36 33.68 -20.0 2 22.35 0.0 29 59.43
2330 2 3 24 5 38 7.46 -41.0 48 14.64 77.0 27 18.17 0.0 30 6.84
2331 2 3 24 13 58 7.46 122.0 44 24.14 -8.0 0 18.11 0.0 30 14.53
2332 2 3 24 22 18 7.46 -125.0 3 50.80 -10.0 35 51.82 0.0 30 22.73
2333 2 3 25 6 38 7.46 27.0 40 16.03 79.0 25 55.80 0.0 30 31.46
2334 2 3 25 14 58 7.46 132.0 11 2.18 -17.0 32 17.42 0.0 30 40.41
2335 2 3 25 23 18 7.46 -116.0 58 19.65 -0.0 1 31.68 0.0 30 49.87
2336 2 3 26 7 38 7.46 66.0 52 57.48 70.0 12 14.25 0.0 30 59.75
2337 2 3 26 15 58 7.46 143.0 36 51.64 -25.0 40 22.90 0.0 31 9.79
2338 2 3 27 0 18 7.46 -109.0 51 7.80 11.0 22 36.37 0.0 31 20.32
2339 2 3 27 8 38 7.46 81.0 52 13.08 58.0 19 0.50 0.0 31 31.14
2340 2 3 27 16 58 7.46 157.0 25 29.99 -31.0 42 22.06 0.0 31 42.06
2341 2 3 28 1 18 7.46 -103.0 14 53.10 23.0 24 19.19 0.0 31 53.40
2342 2 3 28 9 38 7.46 90.0 54 44.97 45.0 50 31.83 0.0 32 4.88
2343 2 3 28 17 58 7.46 173.0 23 11.15 -34.0 48 15.35 0.0 32 16.39
2344 2 3 29 2 18 7.46 -96.0 39 19.87 35.0 54 38.47 0.0 32 28.21
2345 2 3 29 10 38 7.46 98.0 9 7.72 33.0 11 59.13 0.0 32 40.01
2346 2 3 29 18 58 7.46 -169.0 45 46.68 -34.0 19 22.21 0.0 32 51.74
2347 2 3 30 3 18 7.46 -89.0 17 54.40 48.0 45 16.05 0.0 33 3.65
2348 2 3 30 11 38 7.46 104.0 59 5.21 20.0 35 22.69 0.0 33 15.34
2349 2 3 30 19 58 7.46 -153.0 50 42.19 -30.0 12 1.64 0.0 33 26.85
2350 2 3 31 4 18 7.46 -79.0 20 40.21 61.0 43 43.63 0.0 33 38.37
2351 2 3 31 12 38 7.46 112.0 9 10.76 8.0 12 26.44 0.0 33 49.46
2352 2 3 31 20 58 7.46 -140.0 5 3.91 -22.0 58 37.16 0.0 34 0.25
2353 2 4 1 5 18 7.46 -59.0 39 25.63 74.0 10 21.49 0.0 34 10.85
2354 2 4 1 13 38 7.46 120.0 15 28.33 -3.0 40 44.46 0.0 34 20.80
2355 2 4 1 21 58 7.46 -128.0 40 26.36 -13.0 25 28.93 0.0 34 30.34
2356 2 4 2 6 18 7.46 5.0 35 12.64 81.0 7 11.33 0.0 34 39.46
2357 2 4 2 14 38 7.46 129.0 56 7.56 -14.0 39 40.07 0.0 34 47.74
2358 2 4 2 22 58 7.46 -119.0 11 46.71 -2.0 14 4.59 0.0 34 55.49
2359 2 4 3 7 18 7.46 63.0 34 16.54 72.0 39 42.92 0.0 35 2.59
2360 2 4 3 15 38 7.46 141.0 52 44.61 -24.0 6 39.46 0.0 35 8.69
2361 2 4 3 23 58 7.46 -111.0 4 7.57 10.0 4 23.05 0.0 35 14.17
2362 2 4 4 8 18 7.46 81.0 25 35.60 59.0 37 38.26 0.0 35 18.80
2363 2 4 4 16 38 7.46 156.0 36 27.84 -31.0 7 35.99 0.0 35 22.33
2364 2 4 5 0 58 7.46 -103.0 42 27.17 23.0 7 11.84 0.0 35 25.16
2365 2 4 5 9 18 7.46 91.0 10 31.17 45.0 57 54.58 0.0 35 26.99
2366 2 4 5 17 38 7.46 173.0 49 16.99 -34.0 39 24.30 0.0 35 27.70
2367 2 4 6 1 58 7.46 -96.0 28 45.81 36.0 36 57.52 0.0 35 27.70
2368 2 4 6 10 18 7.46 98.0 47 49.78 32.0 18 0.50 0.0 35 26.59
2369 2 4 6 18 38 7.46 -168.0 10 6.93 -33.0 59 3.73 0.0 35 24.43
2370 2 4 7 2 58 7.46 -88.0 25 32.13 50.0 18 11.05 0.0 35 21.56
2371 2 4 7 11 18 7.46 105.0 58 6.92 18.0 55 16.32 0.0 35 17.59
2372 2 4 7 19 38 7.46 -151.0 38 2.82 -29.0 15 39.40 0.0 35 12.69
2373 2 4 8 3 58 7.46 -77.0 12 0.95 63.0 50 53.81 0.0 35 7.15
2374 2 4 8 12 18 7.46 113.0 29 29.83 6.0 5 23.83 0.0 35 0.58
2375 2 4 8 20 38 7.46 -137.0 49 39.67 -21.0 22 50.60 0.0 34 53.26
2376 2 4 9 4 58 7.46 -52.0 47 5.65 76.0 15 43.76 0.0 34 45.39
2377 2 4 9 13 18 7.46 121.0 57 58.69 -5.0 52 51.07 0.0 34 36.62
2378 2 4 9 21 38 7.46 -126.0 42 16.76 -11.0 22 55.30 0.0 34 27.33
2379 2 4 10 5 58 7.46 22.0 39 3.30 80.0 28 44.98 0.0 34 17.61
2380 2 4 10 14 18 7.46 131.0 58 28.65 -16.0 34 23.10 0.0 34 7.16
2381 2 4 10 22 38 7.46 -117.0 38 47.42 -0.0 4 46.90 0.0 33 56.43
2382 2 4 11 6 58 7.46 67.0 56 30.87 70.0 32 13.93 0.0 33 45.39
2383 2 4 11 15 18 7.46 144.0 4 0.63 -25.0 24 47.21 0.0 33 33.82
2384 2 4 11 23 38 7.46 -109.0 58 39.57 11.0 58 40.27 0.0 33 22.19
2385 2 4 12 7 58 7.46 83.0 2 37.38 57.0 51 8.80 0.0 33 10.36
2386 2 4 12 16 18 7.46 158.0 30 29.92 -31.0 40 10.22 0.0 32 58.23
2387 2 4 13 0 38 7.46 -103.0 5 56.45 24.0 26 12.62 0.0 32 46.21
2388 2 4 13 8 58 7.46 91.0 55 16.77 44.0 58 17.87 0.0 32 34.11
2389 2 4 13 17 18 7.46 174.0 47 1.97 -34.0 36 39.27 0.0 32 21.90
2390 2 4 14 1 38 7.46 -96.0 25 28.52 37.0 3 46.78 0.0 32 9.97
2391 2 4 14 9 58 7.46 98.0 59 31.20 32.0 19 11.02 0.0 31 58.04
2392 2 4 14 18 18 7.46 -168.0 37 7.17 -33.0 52 24.41 0.0 31 46.19
2393 2 4 15 2 38 7.46 -89.0 9 52.24 49.0 40 45.92 0.0 31 34.72
2394 2 4 15 10 58 7.46 105.0 35 46.52 20.0 4 23.14 0.0 31 23.34
2395 2 4 15 19 18 7.46 -153.0 26 6.88 -29.0 44 18.31 0.0 31 12.20
2396 2 4 16 3 38 7.46 -79.0 38 41.49 62.0 5 7.80 0.0 31 1.51
2397 2 4 16 11 58 7.46 112.0 22 58.72 8.0 22 27.79 0.0 30 50.99
2398 2 4 16 20 18 7.46 -140.0 34 33.32 -22.0 57 15.46 0.0 30 40.82
2399 2 4 17 4 38 7.46 -62.0 2 19.90 73.0 45 53.54 0.0 30 31.17
2400 2 4 17 12 58 7.46 119.0 49 8.95 -2.0 36 27.82 0.0 30 21.72
2401 2 4 17 21 18 7.46 -130.0 0 53.51 -14.0 19 40.45 0.0 30 12.75
2402 2 4 18 5 38 7.46 -7.0 47 54.50 81.0 23 9.93 0.0 30 4.31
2403 2 4 18 13 58 7.46 128.0 20 40.85 -12.0 38 21.08 0.0 29 56.12
2404 2 4 18 22 18 7.46 -121.0 17 10.75 -4.0 29 24.04 0.0 29 48.49
2405 2 4 19 6 38 7.46 56.0 29 12.03 75.0 44 25.10 0.0 29 41.39
2406 2 4 19 14 58 7.46 138.0 24 22.14 -21.0 22 52.82 0.0 29 34.59
2407 2 4 19 23 18 7.46 -113.0 51 20.98 6.0 7 53.90 0.0 29 28.40
2408 2 4 20 7 38 7.46 77.0 6 8.20 64.0 40 31.54 0.0 29 22.73
2409 2 4 20 15 58 7.46 150.0 22 32.61 -28.0 21 39.73 0.0 29 17.41
2410 2 4 21 0 18 7.46 -107.0 14 27.70 17.0 15 40.76 0.0 29 12.74
2411 2 4 21 8 38 7.46 87.0 10 6.88 52.0 53 36.04 0.0 29 8.57
2412 2 4 21 16 58 7.46 164.0 18 11.91 -32.0 59 39.71 0.0 29 4.78
2413 2 4 22 1 18 7.46 -100.0 59 41.24 28.0 43 11.34 0.0 29 1.68
2414 2 4 22 9 38 7.46 94.0 19 25.29 41.0 2 39.62 0.0 28 59.03
2415 2 4 22 17 58 7.46 179.0 34 41.53 -34.0 44 11.19 0.0 28 56.82
2416 2 4 23 2 18 7.46 -94.0 36 28.36 40.0 22 48.22 0.0 28 55.30
2417 2 4 23 10 38 7.46 100.0 31 50.82 29.0 18 23.78 0.0 28 54.22
2418 2 4 23 18 58 7.46 -165.0 4 44.04 -33.0 20 43.52 0.0 28 53.60
2419 2 4 24 3 18 7.46 -87.0 15 55.67 52.0 7 26.70 0.0 28 53.67
2420 2 4 24 11 38 7.46 106.0 35 21.29 17.0 47 7.71 0.0 28 54.14
2421 2 4 24 19 58 7.46 -150.0 58 57.18 -29.0 2 19.85 0.0 28 55.13
2422 2 4 25 4 18 7.46 -77.0 2 25.79 63.0 45 31.33 0.0 28 56.78
2423 2 4 25 12 38 7.46 112.0 59 17.14 6.0 35 36.67 0.0 28 58.81
2424 2 4 25 20 58 7.46 -138.0 48 32.39 -22.0 21 25.03 0.0 29 1.38
2425 2 4 26 5 18 7.46 -56.0 59 46.49 74.0 37 54.18 0.0 29 4.60
2426 2 4 26 13 38 7.46 120.0 9 10.72 -4.0 6 37.45 0.0 29 8.17
2427 2 4 26 21 58 7.46 -128.0 33 2.45 -13.0 53 44.88 0.0 29 12.30
2428 2 4 27 6 18 7.46 0.0 22 23.03 80.0 40 31.60 0.0 29 17.04
2429 2 4 27 14 38 7.46 128.0 32 45.02 -14.0 4 52.10 0.0 29 22.11
2430 2 4 27 22 58 7.46 -119.0 50 48.82 -4.0 8 42.18 0.0 29 27.76
2431 2 4 28 7 18 7.46 56.0 20 59.04 74.0 13 23.65 0.0 29 33.96
2432 2 4 28 15 38 7.46 138.0 41 37.85 -22.0 56 7.38 0.0 29 40.47
2433 2 4 28 23 58 7.46 -112.0 14 44.81 6.0 32 34.41 0.0 29 47.57
2434 2 4 29 8 18 7.46 75.0 56 9.79 63.0 0 36.10 0.0 29 55.14
2435 2 4 29 16 38 7.46 151.0 6 8.34 -30.0 5 49.70 0.0 30 3.00
2436 2 4 30 0 58 7.46 -105.0 17 48.41 17.0 55 28.27 0.0 30 11.44
2437 2 4 30 9 18 7.46 86.0 7 56.29 50.0 53 21.26 0.0 30 20.27
2438 2 4 30 17 38 7.46 165.0 55 54.61 -34.0 47 55.96 0.0 30 29.35
2439 2 5 1 1 58 7.46 -98.0 31 27.02 29.0 49 30.61 0.0 30 38.99
2440 2 5 1 10 18 7.46 93.0 36 7.79 38.0 29 50.87 0.0 30 48.90
2441 2 5 1 18 38 7.46 -177.0 31 35.70 -36.0 15 53.05 0.0 30 59.04
2442 2 5 2 2 58 7.46 -91.0 17 19.22 42.0 5 53.23 0.0 31 9.66
2443 2 5 2 11 18 7.46 100.0 14 44.90 26.0 2 49.29 0.0 31 20.43
2444 2 5 2 19 38 7.46 -160.0 56 9.00 -34.0 6 14.72 0.0 31 31.38
2445 2 5 3 3 58 7.46 -82.0 22 9.73 54.0 33 51.27 0.0 31 42.72
2446 2 5 3 12 18 7.46 106.0 54 51.89 13.0 41 38.27 0.0 31 54.08
2447 2 5 3 20 38 7.46 -145.0 58 1.28 -28.0 34 1.69 0.0 32 5.54
2448 2 5 4 4 58 7.46 -68.0 19 25.07 66.0 49 31.90 0.0 32 17.26
2449 2 5 4 13 18 7.46 114.0 11 54.64 1.0 37 45.16 0.0 32 28.83
2450 2 5 4 21 38 7.46 -133.0 20 18.38 -20.0 20 12.56 0.0 32 40.42
2451 2 5 5 5 58 7.46 -35.0 0 11.72 77.0 7 14.79 0.0 32 52.11
2452 2 5 5 14 18 7.46 122.0 40 56.14 -9.0 51 40.21 0.0 33 3.46
2453 2 5 5 22 38 7.46 -122.0 52 47.35 -10.0 8 39.85 0.0 33 14.75
2454 2 5 6 6 58 7.46 33.0 36 55.42 77.0 11 13.22 0.0 33 25.91
2455 2 5 6 15 18 7.46 133.0 2 56.80 -20.0 19 18.92 0.0 33 36.56
2456 2 5 6 23 38 7.46 -114.0 2 59.10 1.0 25 38.45 0.0 33 47.02
2457 2 5 7 7 58 7.46 67.0 47 34.32 66.0 35 27.08 0.0 33 57.13
2458 2 5 7 16 18 7.46 146.0 2 36.35 -29.0 2 10.30 0.0 34 6.56
2459 2 5 8 0 38 7.46 -106.0 14 49.38 13.0 57 26.56 0.0 34 15.66
2460 2 5 8 8 58 7.46 82.0 12 46.26 53.0 35 36.14 0.0 34 24.16
2461 2 5 8 17 18 7.46 162.0 5 14.33 -34.0 58 59.95 0.0 34 31.84
2462 2 5 9 1 38 7.46 -98.0 51 34.74 27.0 8 7.60 0.0 34 39.06
2463 2 5 9 9 58 7.46 91.0 29 53.39 40.0 3 47.87 0.0 34 45.45
2464 2 5 9 18 18 7.46 -179.0 34 1.99 -37.0 3 56.94 0.0 34 50.91
2465 2 5 10 2 38 7.46 -91.0 7 11.54 40.0 42 9.24 0.0 34 55.79
2466 2 5 10 10 58 7.46 99.0 13 59.57 26.0 28 58.57 0.0 34 59.66
2467 2 5 10 19 18 7.46 -161.0 10 33.67 -34.0 44 39.57 0.0 35 2.55
2468 2 5 11 3 38 7.46 -81.0 36 7.09 54.0 22 19.05 0.0 35 4.75
2469 2 5 11 11 58 7.46 106.0 44 29.22 13.0 8 18.61 0.0 35 5.82
2470 2 5 11 20 18 7.46 -145.0 0 50.77 -28.0 28 45.14 0.0 35 5.93
2471 2 5 12 4 38 7.46 -66.0 7 56.27 67.0 35 21.39 0.0 35 5.30
2472 2 5 12 12 58 7.46 114.0 47 47.15 0.0 19 13.07 0.0 35 3.50
2473 2 5 12 21 18 7.46 -131.0 51 18.99 -19.0 19 54.46 0.0 35 0.82
2474 2 5 13 5 38 7.46 -26.0 37 11.43 77.0 55 1.52 0.0 34 57.39
2475 2 5 13 13 58 7.46 124.0 4 3.36 -11.0 35 56.06 0.0 34 52.83
2476 2 5 13 22 18 7.46 -121.0 16 39.29 -8.0 19 41.21 0.0 34 47.54
2477 2 5 14 6 38 7.46 42.0 39 44.95 75.0 42 46.03 0.0 34 41.53
2478 2 5 14 14 58 7.46 135.0 15 13.12 -22.0 5 41.32 0.0 34 34.51
2479 2 5 14 23 18 7.46 -112.0 30 39.58 3.0 47 14.29 0.0 34 26.94
2480 2 5 15 7 38 7.46 71.0 28 32.96 64.0 8 54.58 0.0 34 18.73
2481 2 5 15 15 58 7.46 148.0 59 33.79 -30.0 25 45.29 0.0 34 9.69
2482 2 5 16 0 18 7.46 -104.0 49 9.31 16.0 31 18.77 0.0 34 0.30
2483 2 5 16 8 38 7.46 84.0 16 35.51 51.0 0 50.85 0.0 33 50.38
2484 2 5 16 16 58 7.46 165.0 24 19.59 -35.0 40 59.19 0.0 33 39.84
2485 2 5 17 1 18 7.46 -97.0 30 52.96 29.0 32 46.65 0.0 33 29.15
2486 2 5 17 9 38 7.46 92.0 49 34.19 37.0 44 27.22 0.0 33 18.05
2487 2 5 17 17 58 7.46 -176.0 36 8.92 -37.0 3 52.68 0.0 33 6.56
2488 2 5 18 2 18 7.46 -89.0 46 36.31 42.0 36 49.94 0.0 32 55.09
2489 2 5 18 10 38 7.46 100.0 1 26.99 24.0 41 48.95 0.0 32 43.34
2491 2 5 19 3 18 7.46 -80.0 8 24.14 55.0 28 3.72 0.0 32 19.69
2492 2 5 19 11 38 7.46 106.0 58 23.01 12.0 4 31.87 0.0 32 7.78
2493 2 5 19 19 58 7.46 -144.0 6 17.81 -28.0 27 11.56 0.0 31 55.92
2494 2 5 20 4 18 7.46 -64.0 37 17.71 67.0 35 43.66 0.0 31 44.34
2495 2 5 20 12 38 7.46 114.0 18 54.04 0.0 3 5.85 0.0 31 32.70
2496 2 5 20 20 58 7.46 -131.0 45 8.54 -20.0 5 56.13 0.0 31 21.29
2497 2 5 21 5 18 7.46 -28.0 48 13.67 76.0 54 20.26 0.0 31 10.23
2498 2 5 21 13 38 7.46 122.0 35 33.75 -11.0 9 19.46 0.0 30 59.22
2499 2 5 21 21 58 7.46 -121.0 40 27.41 -10.0 13 13.82 0.0 30 48.59
2500 2 5 22 6 18 7.46 33.0 3 12.50 76.0 4 57.59 0.0 30 38.35
2501 2 5 22 14 38 7.46 132.0 22 31.15 -21.0 13 39.51 0.0 30 28.25
2502 2 5 22 22 58 7.46 -113.0 11 24.47 0.0 35 47.78 0.0 30 18.64
2503 2 5 23 7 18 7.46 64.0 20 27.36 66.0 21 48.44 0.0 30 9.45
2504 2 5 23 15 38 7.46 144.0 15 13.81 -29.0 41 24.46 0.0 30 0.48
2505 2 5 23 23 58 7.46 -105.0 39 47.63 11.0 58 37.76 0.0 29 52.09
2506 2 5 24 8 18 7.46 78.0 19 1.04 54.0 34 36.40 0.0 29 44.11
2507 2 5 24 16 38 7.46 158.0 37 23.86 -35.0 52 48.31 0.0 29 36.44
2508 2 5 25 0 58 7.46 -98.0 30 30.52 23.0 40 32.71 0.0 29 29.39
2509 2 5 25 9 18 7.46 87.0 7 4.46 42.0 22 5.47 0.0 29 22.76
2510 2 5 25 17 38 7.46 175.0 10 2.75 -39.0 2 56.77 0.0 29 16.49
2511 2 5 26 1 58 7.46 -91.0 4 36.56 35.0 30 31.16 0.0 29 10.88
2512 2 5 26 10 18 7.46 94.0 5 4.30 30.0 7 33.98 0.0 29 5.68
2513 2 5 26 18 38 7.46 -167.0 32 23.96 -38.0 42 0.37 0.0 29 0.90
2514 2 5 27 2 58 7.46 -82.0 23 21.94 47.0 17 4.43 0.0 28 56.80
2515 2 5 27 11 18 7.46 100.0 27 19.93 18.0 0 30.34 0.0 28 53.08
2516 2 5 27 19 38 7.46 -151.0 24 15.31 -34.0 56 32.24 0.0 28 49.85
2517 2 5 28 3 58 7.46 -70.0 25 32.34 58.0 40 27.00 0.0 28 47.28
2518 2 5 28 12 18 7.46 106.0 53 29.07 6.0 7 54.29 0.0 28 45.09
2519 2 5 28 20 38 7.46 -137.0 34 8.64 -28.0 25 9.90 0.0 28 43.43
2520 2 5 29 4 58 7.46 -49.0 54 51.54 68.0 46 18.12 0.0 28 42.43
2521 2 5 29 13 18 7.46 113.0 54 10.12 -5.0 21 55.68 0.0 28 41.78
2522 2 5 29 21 38 7.46 -126.0 5 59.05 -19.0 54 32.75 0.0 28 41.71
2523 2 5 30 5 58 7.46 -9.0 56 53.95 74.0 28 48.44 0.0 28 42.26
2524 2 5 30 14 18 7.46 122.0 1 32.64 -16.0 16 33.03 0.0 28 43.17
2525 2 5 30 22 38 7.46 -116.0 29 48.99 -10.0 2 49.57 0.0 28 44.69
2526 2 5 31 6 58 7.46 35.0 38 57.81 71.0 4 2.63 0.0 28 46.79
2527 2 5 31 15 18 7.46 131.0 55 5.58 -26.0 15 43.70 0.0 28 49.25
2528 2 5 31 23 38 7.46 -108.0 8 27.45 0.0 43 19.83 0.0 28 52.34
2529 2 6 1 7 58 7.46 60.0 38 52.22 61.0 33 59.99 0.0 28 55.97
2530 2 6 1 16 18 7.46 144.0 21 54.76 -34.0 46 17.38 0.0 28 59.95
2531 2 6 2 0 38 7.46 -100.0 26 15.33 12.0 5 49.10 0.0 29 4.58
2532 2 6 2 8 58 7.46 74.0 14 7.63 50.0 4 11.26 0.0 29 9.69
2533 2 6 2 17 18 7.46 159.0 59 59.73 -40.0 57 35.50 0.0 29 15.16
2534 2 6 3 1 38 7.46 -92.0 47 2.09 23.0 51 17.98 0.0 29 21.27
2535 2 6 3 9 58 7.46 83.0 27 27.48 37.0 52 15.07 0.0 29 27.80
2536 2 6 3 18 18 7.46 178.0 28 29.79 -43.0 47 46.49 0.0 29 34.69
2537 2 6 4 2 38 7.46 -84.0 24 58.87 35.0 47 24.38 0.0 29 42.21
2538 2 6 4 10 58 7.46 90.0 57 1.76 25.0 23 24.58 0.0 29 50.07
2539 2 6 4 19 18 7.46 -162.0 16 42.31 -42.0 34 32.22 0.0 29 58.28
2540 2 6 5 3 38 7.46 -74.0 3 17.09 47.0 37 13.57 0.0 30 7.08
2541 2 6 5 11 58 7.46 97.0 53 55.13 12.0 49 59.92 0.0 30 16.13
2542 2 6 5 20 18 7.46 -144.0 53 56.79 -37.0 28 53.36 0.0 30 25.53
2543 2 6 6 4 38 7.46 -58.0 58 56.51 58.0 45 44.00 0.0 30 35.45
2544 2 6 6 12 58 7.46 105.0 2 11.98 0.0 22 7.30 0.0 30 45.52
2545 2 6 6 21 18 7.46 -130.0 35 35.03 -29.0 23 35.58 0.0 30 55.92
2546 2 6 7 5 38 7.46 -33.0 7 33.47 67.0 35 58.58 0.0 31 6.73
2547 2 6 7 13 58 7.46 113.0 1 17.14 -11.0 47 31.35 0.0 31 17.59
2548 2 6 7 22 18 7.46 -119.0 3 51.81 -19.0 15 17.14 0.0 31 28.74
2549 2 6 8 6 38 7.46 7.0 42 44.73 70.0 8 45.30 0.0 31 40.16
2550 2 6 8 14 58 7.46 122.0 38 12.95 -23.0 18 53.37 0.0 31 51.51
2551 2 6 8 23 18 7.46 -109.0 29 11.82 -7.0 45 54.80 0.0 32 3.07
2552 2 6 9 7 38 7.46 43.0 23 50.76 64.0 6 53.70 0.0 32 14.74
2553 2 6 9 15 58 7.46 134.0 55 49.99 -33.0 37 19.79 0.0 32 26.20
2554 2 6 10 0 18 7.46 -101.0 1 52.90 4.0 36 39.61 0.0 32 37.79
2555 2 6 10 8 38 7.46 64.0 1 38.96 53.0 21 35.44 0.0 32 49.28
2556 2 6 10 16 58 7.46 151.0 6 14.47 -41.0 43 15.84 0.0 33 0.42
2557 2 6 11 1 18 7.46 -92.0 55 53.66 17.0 32 56.82 0.0 33 11.55
2558 2 6 11 9 38 7.46 76.0 51 48.76 40.0 48 54.12 0.0 33 22.37
2559 2 6 11 17 58 7.46 171.0 30 48.34 -46.0 9 8.54 0.0 33 32.69
2560 2 6 12 2 18 7.46 -84.0 19 30.25 30.0 46 10.58 0.0 33 42.86
2561 2 6 12 10 38 7.46 86.0 26 30.38 27.0 33 31.37 0.0 33 52.46
2562 2 6 12 18 58 7.46 -166.0 11 38.97 -45.0 36 49.26 0.0 34 1.45
2563 2 6 13 3 18 7.46 -73.0 52 30.58 43.0 55 31.98 0.0 34 10.12
2564 2 6 13 11 38 7.46 94.0 47 41.12 14.0 3 37.51 0.0 34 17.98
2565 2 6 13 19 58 7.46 -146.0 8 50.28 -40.0 8 11.25 0.0 34 25.13
2566 2 6 14 4 18 7.46 -58.0 48 7.52 56.0 21 19.95 0.0 34 31.77
2567 2 6 14 12 38 7.46 103.0 2 42.64 0.0 38 16.87 0.0 34 37.42
2568 2 6 14 20 58 7.46 -130.0 18 29.27 -31.0 0 59.58 0.0 34 42.28
2569 2 6 15 5 18 7.46 -32.0 43 24.45 66.0 16 59.21 0.0 34 46.48
2570 2 6 15 13 38 7.46 112.0 4 21.51 -12.0 22 31.52 0.0 34 49.55
2571 2 6 15 21 58 7.46 -118.0 5 38.80 -19.0 39 6.06 0.0 34 51.81
2572 2 6 16 6 18 7.46 9.0 16 45.53 69.0 14 53.00 0.0 34 53.28
2573 2 6 16 14 38 7.46 122.0 49 53.67 -24.0 31 5.45 0.0 34 53.56
2574 2 6 16 22 58 7.46 -108.0 14 52.17 -7.0 0 30.35 0.0 34 53.06
2575 2 6 17 7 18 7.46 45.0 39 27.80 62.0 45 34.42 0.0 34 51.69
2576 2 6 17 15 38 7.46 136.0 30 14.07 -35.0 3 36.31 0.0 34 49.16
2577 2 6 17 23 58 7.46 -99.0 40 12.84 6.0 18 33.89 0.0 34 45.93
2578 2 6 18 8 18 7.46 66.0 12 21.05 51.0 22 35.40 0.0 34 41.82
2579 2 6 18 16 38 7.46 154.0 14 26.41 -42.0 50 44.67 0.0 34 36.65
2580 2 6 19 0 58 7.46 -91.0 26 13.33 19.0 53 49.44 0.0 34 30.90
2581 2 6 19 9 18 7.46 78.0 51 9.37 38.0 22 58.85 0.0 34 24.32
2582 2 6 19 17 38 7.46 175.0 48 15.43 -46.0 23 50.28 0.0 34 16.85
2583 2 6 20 1 58 7.46 -82.0 33 29.18 33.0 25 11.63 0.0 34 8.96
2584 2 6 20 10 18 7.46 88.0 14 25.89 24.0 56 14.06 0.0 34 0.31
2585 2 6 20 18 38 7.46 -161.0 58 36.79 -44.0 48 26.32 0.0 33 51.01
2586 2 6 21 2 58 7.46 -71.0 31 5.80 46.0 28 38.05 0.0 33 41.44
2587 2 6 21 11 18 7.46 96.0 22 51.07 11.0 31 2.36 0.0 33 31.24
2588 2 6 21 19 38 7.46 -142.0 55 44.97 -38.0 41 26.35 0.0 33 20.62
2589 2 6 22 3 58 7.46 -55.0 14 25.50 58.0 18 50.00 0.0 33 9.88
2590 2 6 22 12 18 7.46 104.0 20 58.99 -1.0 35 21.72 0.0 32 58.67
2591 2 6 22 20 38 7.46 -128.0 6 58.73 -29.0 33 16.27 0.0 32 47.28
2592 2 6 23 4 58 7.46 -27.0 31 11.38 66.0 58 47.88 0.0 32 35.89
2593 2 6 23 13 18 7.46 112.0 57 16.26 -14.0 7 13.22 0.0 32 24.19
2594 2 6 23 21 38 7.46 -116.0 36 19.38 -18.0 41 47.88 0.0 32 12.52
2595 2 6 24 5 58 7.46 12.0 39 36.25 68.0 27 12.11 0.0 32 0.97
2596 2 6 24 14 18 7.46 123.0 2 4.34 -25.0 44 16.54 0.0 31 49.24
2597 2 6 24 22 38 7.46 -107.0 10 15.03 -6.0 55 55.22 0.0 31 37.75
2598 2 6 25 6 58 7.46 44.0 53 46.13 61.0 47 59.23 0.0 31 26.44
2599 2 6 25 15 18 7.46 135.0 36 54.24 -35.0 55 0.51 0.0 31 15.10
2600 2 6 25 23 38 7.46 -98.0 49 13.56 5.0 15 31.65 0.0 31 4.15
2601 2 6 26 7 58 7.46 63.0 34 26.92 51.0 9 22.95 0.0 30 53.43
2602 2 6 26 16 18 7.46 151.0 47 24.92 -43.0 48 31.12 0.0 30 42.83
2603 2 6 27 0 38 7.46 -90.0 44 22.93 17.0 33 58.84 0.0 30 32.71
2604 2 6 27 8 58 7.46 75.0 20 5.26 39.0 6 52.11 0.0 30 22.86
2605 2 6 27 17 18 7.46 171.0 48 54.69 -48.0 14 2.20 0.0 30 13.24
2606 2 6 28 1 38 7.46 -82.0 5 45.60 29.0 44 8.31 0.0 30 4.19
2607 2 6 28 9 58 7.46 84.0 1 26.67 26.0 36 5.80 0.0 29 55.43
2608 2 6 28 18 18 7.46 -166.0 26 45.29 -48.0 12 41.40 0.0 29 47.00
2609 2 6 29 2 38 7.46 -71.0 44 54.08 41.0 27 18.04 0.0 29 39.18
2610 2 6 29 10 58 7.46 91.0 23 14.01 13.0 59 4.22 0.0 29 31.66
2611 2 6 29 19 18 7.46 -146.0 40 53.93 -43.0 51 37.41 0.0 29 24.57
2612 2 6 30 3 38 7.46 -57.0 45 13.85 52.0 10 12.94 0.0 29 18.10
2613 2 6 30 11 58 7.46 98.0 21 42.59 1.0 27 27.54 0.0 29 11.95
2614 2 6 30 20 18 7.46 -130.0 46 46.05 -36.0 18 47.05 0.0 29 6.29
2615 2 7 1 4 38 7.46 -36.0 49 14.11 60.0 40 28.72 0.0 29 1.26
2616 2 7 1 12 58 7.46 105.0 37 26.46 -10.0 49 18.97 0.0 28 56.55
2617 2 7 1 21 18 7.46 -118.0 20 20.14 -26.0 46 50.05 0.0 28 52.40
2618 2 7 2 5 38 7.46 -6.0 43 57.61 64.0 35 41.30 0.0 28 48.86
2619 2 7 2 13 58 7.46 113.0 51 26.91 -22.0 39 39.17 0.0 28 45.65
2620 2 7 2 22 18 7.46 -108.0 15 1.23 -16.0 6 0.38 0.0 28 43.05
2621 2 7 3 6 38 7.46 24.0 37 3.87 61.0 55 23.11 0.0 28 41.03
2622 2 7 3 14 58 7.46 123.0 57 28.60 -33.0 44 54.10 0.0 28 39.37
2623 2 7 3 23 18 7.46 -99.0 30 43.77 -4.0 46 59.73 0.0 28 38.34
2624 2 7 4 7 38 7.46 47.0 15 4.09 54.0 5 56.59 0.0 28 37.87
2625 2 7 4 15 58 7.46 137.0 12 55.19 -43.0 31 17.55 0.0 28 37.75
2626 2 7 5 0 18 7.46 -91.0 19 16.72 6.0 50 30.59 0.0 28 38.32
2627 2 7 5 8 38 7.46 62.0 4 11.36 43.0 39 58.65 0.0 28 39.38
2628 2 7 5 16 58 7.46 155.0 10 52.00 -50.0 57 31.27 0.0 28 40.83
2629 2 7 6 1 18 7.46 -82.0 56 54.35 18.0 31 11.03 0.0 28 42.97
2630 2 7 6 9 38 7.46 72.0 32 56.37 32.0 1 35.43 0.0 28 45.57
2631 2 7 6 17 58 7.46 178.0 7 34.39 -54.0 31 52.30 0.0 28 48.57
2632 2 7 7 2 18 7.46 -73.0 33 18.49 29.0 58 35.00 0.0 28 52.26
2633 2 7 7 10 38 7.46 80.0 50 23.78 19.0 47 55.47 0.0 28 56.36
2634 2 7 7 18 58 7.46 -157.0 36 45.69 -53.0 4 8.82 0.0 29 0.90
2635 2 7 8 3 18 7.46 -61.0 56 33.90 40.0 48 9.45 0.0 29 6.10
2636 2 7 8 11 38 7.46 88.0 8 32.96 7.0 17 1.47 0.0 29 11.66
2637 2 7 8 19 58 7.46 -137.0 6 10.66 -47.0 3 20.19 0.0 29 17.68
2638 2 7 9 4 18 7.46 -46.0 15 13.33 50.0 14 34.43 0.0 29 24.33
2639 2 7 9 12 38 7.46 95.0 14 38.22 -5.0 19 51.91 0.0 29 31.28
2640 2 7 9 20 58 7.46 -121.0 37 19.59 -38.0 1 34.98 0.0 29 38.71
2641 2 7 10 5 18 7.46 -24.0 17 40.95 56.0 51 10.60 0.0 29 46.72
2642 2 7 10 13 38 7.46 102.0 50 21.65 -17.0 52 26.28 0.0 29 54.97
2643 2 7 10 21 58 7.46 -109.0 50 21.18 -27.0 15 41.54 0.0 30 3.69
2644 2 7 11 6 18 7.46 3.0 8 51.37 58.0 33 59.97 0.0 30 12.92
2645 2 7 11 14 38 7.46 111.0 46 58.75 -30.0 6 32.94 0.0 30 22.33
2646 2 7 11 22 58 7.46 -100.0 14 8.29 -15.0 31 17.13 0.0 30 32.21
2647 2 7 12 7 18 7.46 29.0 7 22.04 54.0 29 22.93 0.0 30 42.48
2648 2 7 12 15 38 7.46 123.0 24 21.69 -41.0 36 40.68 0.0 30 52.85
2649 2 7 12 23 58 7.46 -91.0 40 43.85 -3.0 14 47.43 0.0 31 3.67
2650 2 7 13 8 18 7.46 48.0 35 44.75 46.0 4 46.21 0.0 31 14.74
2651 2 7 13 16 38 7.46 139.0 54 48.01 -51.0 29 59.05 0.0 31 25.84
2652 2 7 14 0 58 7.46 -83.0 17 9.73 9.0 15 40.04 0.0 31 37.31
2653 2 7 14 9 18 7.46 62.0 29 31.46 35.0 12 26.09 0.0 31 48.88
2654 2 7 14 17 38 7.46 163.0 51 17.89 -57.0 59 12.00 0.0 32 0.39
2655 2 7 15 1 58 7.46 -74.0 11 16.43 21.0 42 48.03 0.0 32 12.16
2656 2 7 15 10 18 7.46 73.0 3 18.61 23.0 0 27.47 0.0 32 23.85
2657 2 7 15 18 38 7.46 -166.0 44 45.46 -58.0 37 55.36 0.0 32 35.38
2658 2 7 16 2 58 7.46 -63.0 15 19.19 33.0 42 42.23 0.0 32 47.03
2659 2 7 16 11 18 7.46 81.0 54 10.48 10.0 4 32.71 0.0 32 58.39
2660 2 7 16 19 38 7.46 -140.0 50 43.79 -52.0 56 51.31 0.0 33 9.48
2661 2 7 17 3 58 7.46 -48.0 45 31.43 44.0 32 39.87 0.0 33 20.53
2662 2 7 17 12 18 7.46 90.0 7 24.69 -3.0 14 6.21 0.0 33 31.05
2663 2 7 17 20 38 7.46 -122.0 28 54.49 -43.0 4 20.64 0.0 33 41.20
2664 2 7 18 4 58 7.46 -28.0 20 7.48 52.0 49 18.54 0.0 33 51.09
2665 2 7 18 13 18 7.46 98.0 37 3.63 -16.0 38 28.25 0.0 34 0.26
2666 2 7 18 21 38 7.46 -109.0 30 30.30 -31.0 1 48.81 0.0 34 8.94
2667 2 7 19 5 58 7.46 -1.0 23 59.07 56.0 16 51.65 0.0 34 17.15
2668 2 7 19 14 18 7.46 108.0 25 29.67 -29.0 48 21.81 0.0 34 24.44
2669 2 7 19 22 38 7.46 -99.0 26 14.94 -17.0 55 7.28 0.0 34 31.15
2670 2 7 20 6 58 7.46 26.0 6 15.65 53.0 19 3.87 0.0 34 37.18
2671 2 7 20 15 18 7.46 121.0 8 29.37 -42.0 10 28.02 0.0 34 42.15
2672 2 7 20 23 38 7.46 -90.0 39 43.61 -4.0 19 21.43 0.0 34 46.47
2673 2 7 21 7 58 7.46 47.0 27 54.57 45.0 5 36.92 0.0 34 49.93
2674 2 7 21 16 18 7.46 139.0 26 32.96 -52.0 37 47.68 0.0 34 52.27
2675 2 7 22 0 38 7.46 -82.0 4 28.36 9.0 21 57.21 0.0 34 53.91
2676 2 7 22 8 58 7.46 62.0 36 50.03 33.0 52 18.14 0.0 34 54.57
2677 2 7 22 17 18 7.46 166.0 10 8.40 -58.0 56 27.36 0.0 34 54.11
2678 2 7 23 1 38 7.46 -72.0 39 20.60 22.0 46 23.25 0.0 34 52.98
2679 2 7 23 9 58 7.46 73.0 55 5.88 21.0 10 9.50 0.0 34 50.79
2680 2 7 23 18 18 7.46 -162.0 29 16.20 -58.0 26 14.68 0.0 34 47.58
2681 2 7 24 2 38 7.46 -61.0 6 33.07 35.0 23 38.96 0.0 34 43.74
2682 2 7 24 10 58 7.46 83.0 13 35.24 7.0 47 48.98 0.0 34 38.86
2683 2 7 24 19 18 7.46 -137.0 0 53.01 -51.0 26 35.02 0.0 34 33.11
2684 2 7 25 3 38 7.46 -45.0 29 45.07 46.0 21 31.89 0.0 34 26.82
2685 2 7 25 11 58 7.46 91.0 45 44.66 -5.0 46 38.09 0.0 34 19.58
2686 2 7 25 20 18 7.46 -119.0 41 50.53 -40.0 46 39.99 0.0 34 11.68
2687 2 7 26 4 38 7.46 -23.0 30 51.83 54.0 3 44.37 0.0 34 3.34
2688 2 7 26 12 58 7.46 100.0 29 40.35 -19.0 12 42.14 0.0 33 54.19
2689 2 7 26 21 18 7.46 -107.0 27 32.83 -28.0 29 33.69 0.0 33 44.61
2690 2 7 27 5 38 7.46 4.0 4 2.38 56.0 16 3.29 0.0 33 34.71
2691 2 7 27 13 58 7.46 110.0 29 5.23 -32.0 9 15.61 0.0 33 24.17
2692 2 7 27 22 18 7.46 -97.0 47 49.31 -15.0 35 17.41 0.0 33 13.44
2693 2 7 28 6 38 7.46 30.0 2 23.12 52.0 8 57.66 0.0 33 2.51
2694 2 7 28 14 58 7.46 123.0 17 30.13 -44.0 4 55.56 0.0 32 51.13
2695 2 7 28 23 18 7.46 -89.0 13 21.40 -2.0 34 25.40 0.0 32 39.77
2696 2 7 29 7 38 7.46 49.0 16 11.45 43.0 30 55.84 0.0 32 28.31
2697 2 7 29 15 58 7.46 141.0 24 32.55 -54.0 0 0.14 0.0 32 16.61
2698 2 7 30 0 18 7.46 -80.0 44 3.66 10.0 13 12.43 0.0 32 5.10
2699 2 7 30 8 38 7.46 62.0 47 18.04 32.0 30 55.41 0.0 31 53.58
2700 2 7 30 16 58 7.46 167.0 19 36.05 -60.0 0 2.61 0.0 31 42.01
2701 2 7 31 1 18 7.46 -71.0 26 19.48 22.0 29 3.80 0.0 31 30.78
2702 2 7 31 9 38 7.46 72.0 52 45.67 20.0 24 6.46 0.0 31 19.61
2703 2 7 31 17 58 7.46 -162.0 23 52.32 -59.0 52 29.55 0.0 31 8.55
2704 2 8 1 2 18 7.46 -60.0 16 57.56 33.0 48 22.87 0.0 30 57.94
2705 2 8 1 10 38 7.46 81.0 7 57.68 7.0 47 52.71 0.0 30 47.45
2706 2 8 1 18 58 7.46 -137.0 14 59.29 -53.0 53 49.88 0.0 30 37.22
2707 2 8 2 3 18 7.46 -45.0 52 57.13 43.0 30 22.02 0.0 30 27.50
2708 2 8 2 11 38 7.46 88.0 33 40.00 -4.0 58 0.48 0.0 30 17.95
2709 2 8 2 19 58 7.46 -119.0 47 48.11 -44.0 29 52.12 0.0 30 8.79
2710 2 8 3 4 18 7.46 -26.0 51 9.64 50.0 26 24.57 0.0 30 0.17
2711 2 8 3 12 38 7.46 95.0 55 30.21 -17.0 40 54.54 0.0 29 51.77
2712 2 8 3 20 58 7.46 -107.0 23 42.25 -33.0 31 34.46 0.0 29 43.85
2713 2 8 4 5 18 7.46 -3.0 40 2.75 53.0 6 40.75 0.0 29 36.49
2714 2 8 4 13 38 7.46 104.0 0 5.59 -30.0 9 23.79 0.0 29 29.38
2715 2 8 4 21 58 7.46 -97.0 40 35.03 -21.0 54 11.27 0.0 29 22.84
2716 2 8 5 6 18 7.46 19.0 28 40.79 50.0 44 0.42 0.0 29 16.85
2717 2 8 5 14 38 7.46 113.0 53 47.16 -42.0 7 37.33 0.0 29 11.15
2719 2 8 6 7 18 7.46 38.0 21 19.09 44.0 9 35.24 0.0 29 1.52
2720 2 8 6 15 38 7.46 127.0 34 50.55 -53.0 4 51.75 0.0 28 57.31
2721 2 8 6 23 58 7.46 -81.0 4 4.38 1.0 37 25.48 0.0 28 53.76
2722 2 8 7 8 18 7.46 52.0 26 22.53 34.0 55 45.73 0.0 28 50.70
2723 2 8 7 16 38 7.46 148.0 36 5.82 -61.0 50 17.26 0.0 28 48.02
2724 2 8 8 0 58 7.46 -72.0 31 23.38 12.0 59 27.95 0.0 28 46.03
2725 2 8 8 9 18 7.46 63.0 4 20.85 24.0 11 41.80 0.0 28 44.49
2726 2 8 8 17 38 7.46 179.0 43 31.89 -65.0 56 32.84 0.0 28 43.38
2727 2 8 9 1 58 7.46 -62.0 49 35.06 23.0 42 29.59 0.0 28 42.97
2728 2 8 9 10 18 7.46 71.0 34 23.36 12.0 37 0.52 0.0 28 42.98
2729 2 8 9 18 38 7.46 -147.0 38 32.56 -63.0 14 46.66 0.0 28 43.45
2730 2 8 10 2 58 7.46 -51.0 5 39.65 33.0 19 21.75 0.0 28 44.61
2731 2 8 10 11 18 7.46 78.0 52 51.28 0.0 33 27.86 0.0 28 46.17
2732 2 8 10 19 38 7.46 -124.0 31 18.32 -55.0 22 28.74 0.0 28 48.22
2733 2 8 11 3 58 7.46 -36.0 21 23.13 41.0 7 1.17 0.0 28 50.95
2734 2 8 11 12 18 7.46 85.0 40 57.52 -11.0 46 6.31 0.0 28 54.04
2735 2 8 11 20 38 7.46 -109.0 30 28.33 -45.0 2 9.46 0.0 28 57.67
2736 2 8 12 4 58 7.46 -18.0 7 33.28 46.0 3 18.06 0.0 29 1.93
2737 2 8 12 13 18 7.46 92.0 35 43.72 -24.0 12 35.90 0.0 29 6.53
2738 2 8 12 21 38 7.46 -98.0 45 38.42 -33.0 38 53.52 0.0 29 11.69
2739 2 8 13 5 58 7.46 2.0 21 35.30 47.0 4 52.72 0.0 29 17.45
2740 2 8 13 14 18 7.46 100.0 23 6.10 -36.0 36 48.75 0.0 29 23.51
2741 2 8 13 22 38 7.46 -90.0 1 36.47 -21.0 49 49.00 0.0 29 30.16
2742 2 8 14 6 58 7.46 22.0 2 9.29 43.0 52 25.39 0.0 29 37.33
2743 2 8 14 15 18 7.46 110.0 22 10.39 -48.0 44 3.47 0.0 29 44.79
2744 2 8 14 23 38 7.46 -82.0 3 53.94 -9.0 54 11.34 0.0 29 52.83
2745 2 8 15 7 58 7.46 38.0 30 48.40 37.0 8 10.78 0.0 30 1.32
2746 2 8 15 16 18 7.46 125.0 26 47.60 -60.0 0 1.71 0.0 30 10.06
2747 2 8 16 0 38 7.46 -74.0 3 7.65 1.0 53 50.44 0.0 30 19.38
2748 2 8 16 8 58 7.46 51.0 30 52.20 27.0 56 53.21 0.0 30 29.04
2749 2 8 16 17 18 7.46 152.0 14 8.39 -68.0 43 5.02 0.0 30 38.93
2750 2 8 17 1 38 7.46 -65.0 16 9.01 13.0 18 47.22 0.0 30 49.35
2751 2 8 17 9 58 7.46 61.0 51 46.40 17.0 10 26.51 0.0 30 59.99
2752 2 8 17 18 18 7.46 -165.0 40 8.50 -70.0 42 35.47 0.0 31 10.81
2753 2 8 18 2 38 7.46 -54.0 55 6.76 23.0 58 19.94 0.0 31 22.09
2754 2 8 18 10 58 7.46 70.0 29 40.20 5.0 22 8.73 0.0 31 33.46
2755 2 8 18 19 18 7.46 -130.0 56 27.18 -64.0 10 29.98 0.0 31 44.96
2756 2 8 19 3 38 7.46 -42.0 2 40.86 33.0 16 22.95 0.0 31 56.80
2757 2 8 19 11 58 7.46 78.0 11 26.85 -7.0 7 25.05 0.0 32 8.57
2758 2 8 19 20 18 7.46 -111.0 25 59.54 -53.0 19 32.92 0.0 32 20.40
2759 2 8 20 4 38 7.46 -25.0 45 3.63 40.0 15 32.16 0.0 32 32.42
2760 2 8 20 12 58 7.46 85.0 38 30.80 -20.0 4 17.18 0.0 32 44.20
2761 2 8 20 21 18 7.46 -99.0 15 59.36 -40.0 54 16.96 0.0 32 55.94
2762 2 8 21 5 38 7.46 -6.0 8 13.67 43.0 40 12.82 0.0 33 7.69
2763 2 8 21 13 58 7.46 93.0 38 17.69 -33.0 16 17.76 0.0 33 19.01
2764 2 8 21 22 18 7.46 -90.0 5 34.21 -27.0 52 9.55 0.0 33 30.19
2765 2 8 22 6 38 7.46 14.0 33 17.62 42.0 32 31.50 0.0 33 41.15
2766 2 8 22 14 58 7.46 103.0 28 29.03 -46.0 27 21.42 0.0 33 51.50
2767 2 8 22 23 18 7.46 -81.0 59 44.83 -14.0 38 13.45 0.0 34 1.58
2768 2 8 23 7 38 7.46 33.0 8 14.39 37.0 0 51.49 0.0 34 11.21
2769 2 8 23 15 58 7.46 118.0 5 17.14 -59.0 3 37.26 0.0 34 20.06
2770 2 8 24 0 18 7.46 -73.0 54 23.14 -1.0 30 8.72 0.0 34 28.51
2771 2 8 24 8 38 7.46 48.0 9 44.85 28.0 9 15.54 0.0 34 36.26
2772 2 8 24 16 58 7.46 145.0 21 22.05 -69.0 20 12.70 0.0 34 43.11
2773 2 8 25 1 18 7.46 -64.0 58 35.10 11.0 12 26.92 0.0 34 49.43
2774 2 8 25 9 38 7.46 60.0 2 44.85 17.0 6 57.76 0.0 34 54.84
2775 2 8 25 17 58 7.46 -166.0 55 52.36 -72.0 2 25.02 0.0 34 59.27
2776 2 8 26 2 18 7.46 -54.0 17 24.36 23.0 1 16.94 0.0 35 3.06
2777 2 8 26 10 38 7.46 69.0 46 47.95 4.0 44 26.84 0.0 35 5.78
2778 2 8 26 18 58 7.46 -128.0 51 37.69 -64.0 27 24.93 0.0 35 7.49
2779 2 8 27 3 18 7.46 -40.0 45 22.65 33.0 11 22.20 0.0 35 8.50
2780 2 8 27 11 38 7.46 78.0 17 57.21 -8.0 24 59.84 0.0 35 8.35
2781 2 8 27 19 58 7.46 -109.0 23 59.56 -52.0 23 14.62 0.0 35 7.26
2782 2 8 28 4 18 7.46 -23.0 25 23.28 40.0 33 15.65 0.0 35 5.42
2783 2 8 28 12 38 7.46 86.0 26 7.17 -21.0 58 13.49 0.0 35 2.42
2784 2 8 28 20 58 7.46 -97.0 34 6.05 -39.0 3 20.81 0.0 34 58.59
2785 2 8 29 5 18 7.46 -2.0 44 10.25 43.0 42 22.96 0.0 34 54.05
2786 2 8 29 13 38 7.46 95.0 7 12.31 -35.0 36 3.26 0.0 34 48.41
2787 2 8 29 21 58 7.46 -88.0 34 14.56 -25.0 27 16.94 0.0 34 42.12
2788 2 8 30 6 18 7.46 18.0 19 35.45 41.0 50 32.55 0.0 34 35.17
2789 2 8 30 14 38 7.46 105.0 51 40.43 -48.0 56 17.25 0.0 34 27.28
2790 2 8 30 22 58 7.46 -80.0 30 1.98 -12.0 0 56.85 0.0 34 18.93
2791 2 8 31 7 18 7.46 36.0 24 8.14 35.0 33 46.58 0.0 34 10.01
2792 2 8 31 15 38 7.46 122.0 4 5.35 -61.0 17 9.43 0.0 34 0.35
2793 2 8 31 23 58 7.46 -72.0 20 18.66 0.0 57 21.04 0.0 33 50.44
2794 2 9 1 8 18 7.46 50.0 31 41.25 26.0 16 34.48 0.0 33 40.07
2795 2 9 1 16 38 7.46 152.0 17 56.39 -70.0 36 7.65 0.0 33 29.19
2796 2 9 2 0 58 7.46 -63.0 18 4.42 13.0 8 19.75 0.0 33 18.25
2797 2 9 2 9 18 7.46 61.0 28 51.51 15.0 13 14.78 0.0 33 6.97
2798 2 9 2 17 38 7.46 -160.0 8 29.70 -71.0 44 56.51 0.0 32 55.41
2799 2 9 3 1 58 7.46 -52.0 35 44.35 24.0 6 8.56 0.0 32 43.95
2800 2 9 3 10 18 7.46 70.0 20 6.43 3.0 11 47.94 0.0 32 32.27
2801 2 9 3 18 38 7.46 -125.0 54 52.39 -63.0 56 6.91 0.0 32 20.53
2802 2 9 4 2 58 7.46 -39.0 23 21.04 33.0 12 44.47 0.0 32 9.03
2803 2 9 4 11 18 7.46 77.0 58 18.61 -9.0 19 13.55 0.0 31 57.42
2804 2 9 4 19 38 7.46 -108.0 0 1.98 -52.0 39 51.78 0.0 31 45.94
2805 2 9 5 3 58 7.46 -23.0 8 50.47 39.0 34 49.80 0.0 31 34.79
2806 2 9 5 12 18 7.46 85.0 6 5.17 -22.0 2 20.85 0.0 31 23.64
2807 2 9 5 20 38 7.46 -96.0 45 35.99 -40.0 29 42.21 0.0 31 12.79
2808 2 9 6 4 58 7.46 -4.0 30 2.62 42.0 14 59.24 0.0 31 2.32
2809 2 9 6 13 18 7.46 92.0 25 53.83 -34.0 45 18.94 0.0 30 51.96
2810 2 9 6 21 38 7.46 -88.0 8 15.82 -28.0 12 31.83 0.0 30 42.01
2811 2 9 7 5 58 7.46 14.0 17 15.39 40.0 45 54.13 0.0 30 32.50
2812 2 9 7 14 18 7.46 100.0 58 20.03 -47.0 16 19.14 0.0 30 23.16
2813 2 9 7 22 38 7.46 -80.0 28 46.61 -16.0 7 41.80 0.0 30 14.35
2814 2 9 8 6 58 7.46 30.0 47 37.34 35.0 35 37.78 0.0 30 5.98
2815 2 9 8 15 18 7.46 112.0 48 48.20 -59.0 16 2.37 0.0 29 57.86
2816 2 9 8 23 38 7.46 -72.0 55 2.00 -4.0 27 45.88 0.0 29 50.35
2817 2 9 9 7 58 7.46 44.0 7 55.75 27.0 45 4.89 0.0 29 43.27
2818 2 9 9 16 18 7.46 133.0 42 15.34 -69.0 50 22.82 0.0 29 36.51
2819 2 9 10 0 38 7.46 -64.0 50 0.34 6.0 34 43.02 0.0 29 30.40
2820 2 9 10 8 58 7.46 54.0 42 1.48 18.0 11 17.42 0.0 29 24.72
2821 2 9 10 17 18 7.46 176.0 35 37.74 -75.0 39 30.81 0.0 29 19.43
2822 2 9 11 1 38 7.46 -55.0 39 39.26 16.0 43 24.35 0.0 29 14.80
2823 2 9 11 9 58 7.46 63.0 15 36.68 7.0 33 48.05 0.0 29 10.59
2824 2 9 11 18 18 7.46 -135.0 59 3.12 -71.0 43 25.34 0.0 29 6.83
2825 2 9 12 2 38 7.46 -44.0 49 17.59 25.0 34 44.63 0.0 29 3.74
2826 2 9 12 10 58 7.46 70.0 30 3.70 -3.0 42 50.31 0.0 29 1.05
2827 2 9 12 19 18 7.46 -111.0 51 58.89 -62.0 2 38.11 0.0 28 58.86
2828 2 9 13 3 38 7.46 -31.0 49 10.24 32.0 35 10.66 0.0 28 57.34
2829 2 9 13 11 58 7.46 76.0 58 39.47 -15.0 23 39.60 0.0 28 56.20
2830 2 9 13 20 18 7.46 -98.0 53 28.88 -50.0 48 7.17 0.0 28 55.61
2831 2 9 14 4 38 7.46 -16.0 34 56.93 37.0 2 37.38 0.0 28 55.67
2832 2 9 14 12 58 7.46 83.0 10 42.65 -27.0 19 7.78 0.0 28 56.10
2833 2 9 14 21 18 7.46 -89.0 56 45.26 -39.0 9 42.63 0.0 28 57.11
2834 2 9 15 5 38 7.46 0.0 3 27.31 38.0 18 45.68 0.0 28 58.75
2835 2 9 15 13 58 7.46 89.0 39 31.14 -39.0 22 14.43 0.0 29 0.75
2836 2 9 15 22 18 7.46 -82.0 32 39.76 -27.0 29 35.91 0.0 29 3.37
2837 2 9 16 6 38 7.46 16.0 25 43.82 36.0 10 30.10 0.0 29 6.58
2838 2 9 16 14 58 7.46 97.0 19 28.00 -51.0 25 38.02 0.0 29 10.13
2839 2 9 16 23 18 7.46 -75.0 35 54.73 -15.0 59 1.50 0.0 29 14.34
2840 2 9 17 7 38 7.46 31.0 0 36.19 30.0 59 23.84 0.0 29 19.07
2841 2 9 17 15 58 7.46 108.0 20 29.37 -63.0 15 19.24 0.0 29 24.16
2842 2 9 18 0 18 7.46 -68.0 27 36.97 -4.0 47 33.17 0.0 29 29.91
2843 2 9 18 8 38 7.46 43.0 13 49.24 23.0 26 28.58 0.0 29 36.12
2844 2 9 18 16 58 7.46 130.0 13 42.32 -74.0 1 38.77 0.0 29 42.70
2845 2 9 19 1 18 7.46 -60.0 36 5.29 5.0 52 59.80 0.0 29 49.92
2846 2 9 19 9 38 7.46 53.0 18 14.53 14.0 11 46.05 0.0 29 57.54
2847 2 9 19 17 58 7.46 -173.0 43 51.87 -79.0 16 8.38 0.0 30 5.52
2848 2 9 20 2 18 7.46 -51.0 28 59.04 15.0 45 18.78 0.0 30 14.13
2849 2 9 20 10 38 7.46 61.0 44 25.43 3.0 45 20.14 0.0 30 23.05
2850 2 9 20 18 58 7.46 -122.0 57 32.65 -72.0 37 29.84 0.0 30 32.32
2851 2 9 21 3 18 7.46 -40.0 31 28.02 24.0 22 54.82 0.0 30 42.16
2852 2 9 21 11 38 7.46 69.0 3 56.80 -7.0 32 33.22 0.0 30 52.24
2853 2 9 21 19 58 7.46 -103.0 17 53.69 -61.0 21 27.17 0.0 31 2.64
2854 2 9 22 4 18 7.46 -27.0 13 43.61 31.0 6 51.64 0.0 31 13.53
2855 2 9 22 12 38 7.46 75.0 45 44.50 -19.0 28 30.79 0.0 31 24.54
2856 2 9 22 20 58 7.46 -92.0 40 55.56 -49.0 5 45.47 0.0 31 35.86
2857 2 9 23 5 18 7.46 -11.0 35 1.84 35.0 7 37.01 0.0 31 47.54
2858 2 9 23 13 38 7.46 82.0 19 29.19 -31.0 53 8.76 0.0 31 59.23
2859 2 9 23 21 58 7.46 -84.0 49 54.54 -36.0 32 29.49 0.0 32 11.16
2860 2 9 24 6 18 7.46 5.0 24 57.52 35.0 40 18.44 0.0 32 23.32
2861 2 9 24 14 38 7.46 89.0 26 5.82 -44.0 38 24.53 0.0 32 35.34
2862 2 9 24 22 58 7.46 -77.0 48 46.80 -23.0 56 43.32 0.0 32 47.52
2863 2 9 25 7 18 7.46 21.0 56 30.95 32.0 30 19.79 0.0 32 59.74
2864 2 9 25 15 38 7.46 98.0 30 7.02 -57.0 33 38.94 0.0 33 11.68
2865 2 9 25 23 58 7.46 -70.0 43 21.84 -11.0 29 54.21 0.0 33 23.67
2866 2 9 26 8 18 7.46 36.0 28 55.29 26.0 2 39.84 0.0 33 35.48
2867 2 9 26 16 38 7.46 114.0 6 14.37 -70.0 11 16.85 0.0 33 46.86
2868 2 9 27 0 58 7.46 -62.0 55 9.02 0.0 33 48.52 0.0 33 58.14
2869 2 9 27 9 18 7.46 48.0 35 31.48 17.0 2 55.41 0.0 34 9.01
2870 2 9 27 17 38 7.46 159.0 6 23.96 -79.0 50 38.77 0.0 34 19.30
2871 2 9 28 1 58 7.46 -53.0 46 6.29 11.0 53 21.30 0.0 34 29.33
2872 2 9 28 10 18 7.46 58.0 36 5.44 6.0 15 3.01 0.0 34 38.70
2873 2 9 28 18 38 7.46 -129.0 1 58.08 -75.0 45 39.82 0.0 34 47.36
2874 2 9 29 2 58 7.46 -42.0 33 46.63 21.0 55 58.17 0.0 34 55.59
2875 2 9 29 11 18 7.46 67.0 5 44.17 -5.0 47 13.06 0.0 35 2.92
2876 2 9 29 19 38 7.46 -104.0 4 8.37 -63.0 30 28.33 0.0 35 9.45
2877 2 9 30 3 58 7.46 -28.0 38 40.52 29.0 52 28.28 0.0 35 15.39
2878 2 9 30 12 18 7.46 74.0 40 30.66 -18.0 39 30.63 0.0 35 20.24
2879 2 9 30 20 38 7.46 -92.0 30 9.48 -49.0 59 46.80 0.0 35 24.24
2880 2 10 1 4 58 7.46 -11.0 55 49.76 34.0 39 19.61 0.0 35 27.49
2881 2 10 1 13 18 7.46 81.0 57 31.61 -32.0 3 31.93 0.0 35 29.56
2882 2 10 1 21 38 7.46 -84.0 17 2.22 -36.0 17 47.47 0.0 35 30.76
2883 2 10 2 5 58 7.46 6.0 19 0.73 35.0 20 53.27 0.0 35 31.12
2884 2 10 2 14 18 7.46 89.0 46 59.89 -45.0 43 37.79 0.0 35 30.26
2885 2 10 2 22 38 7.46 -76.0 58 2.35 -22.0 45 47.01 0.0 35 28.60
2886 2 10 3 6 58 7.46 23.0 44 59.20 31.0 46 58.00 0.0 35 26.05
2887 2 10 3 15 18 7.46 99.0 54 37.75 -59.0 21 39.18 0.0 35 22.35
2888 2 10 3 23 38 7.46 -69.0 32 53.49 -9.0 39 47.62 0.0 35 17.95
2889 2 10 4 7 58 7.46 38.0 37 12.93 24.0 41 18.96 0.0 35 12.67
2890 2 10 4 16 18 7.46 118.0 30 7.07 -72.0 16 27.79 0.0 35 6.38
2891 2 10 5 0 38 7.46 -61.0 21 56.38 2.0 42 16.54 0.0 34 59.54
2892 2 10 5 8 58 7.46 50.0 37 50.05 15.0 8 22.19 0.0 34 51.89
2893 2 10 5 17 18 7.46 175.0 5 37.18 -80.0 24 36.43 0.0 34 43.43
2894 2 10 6 1 38 7.46 -51.0 48 42.71 13.0 56 59.56 0.0 34 34.59
2895 2 10 6 9 58 7.46 60.0 19 29.31 4.0 3 7.62 0.0 34 25.05
2896 2 10 6 18 18 7.46 -122.0 7 16.74 -73.0 42 54.16 0.0 34 14.94
2897 2 10 7 2 38 7.46 -40.0 16 49.67 23.0 31 57.55 0.0 34 4.61
2898 2 10 7 10 58 7.46 68.0 24 49.47 -7.0 56 18.23 0.0 33 53.73
2899 2 10 7 19 18 7.46 -101.0 42 39.34 -61.0 24 59.63 0.0 33 42.51
2900 2 10 8 3 38 7.46 -26.0 20 33.59 30.0 43 59.49 0.0 33 31.23
2901 2 10 8 11 58 7.46 75.0 32 16.02 -20.0 25 13.00 0.0 33 19.56
2902 2 10 8 20 18 7.46 -91.0 18 33.56 -48.0 30 3.23 0.0 33 7.78
2903 2 10 9 4 38 7.46 -10.0 13 31.55 34.0 45 3.18 0.0 32 56.08
2904 2 10 9 12 58 7.46 82.0 17 22.09 -33.0 7 25.36 0.0 32 44.13
2905 2 10 9 21 18 7.46 -83.0 39 10.04 -35.0 42 21.48 0.0 32 32.29
2906 2 10 10 5 38 7.46 6.0 45 15.07 35.0 2 37.82 0.0 32 20.61
2907 2 10 10 13 58 7.46 89.0 23 2.34 -45.0 51 14.37 0.0 32 8.85
2908 2 10 10 22 18 7.46 -76.0 49 11.40 -23.0 16 10.05 0.0 31 57.37
2909 2 10 11 6 38 7.46 22.0 41 54.30 31.0 42 44.42 0.0 31 46.12
2910 2 10 11 14 58 7.46 98.0 8 49.22 -58.0 25 10.68 0.0 31 34.92
2911 2 10 11 23 18 7.46 -69.0 59 45.80 -11.0 20 57.77 0.0 31 24.15
2912 2 10 12 7 38 7.46 36.0 21 23.13 25.0 27 7.25 0.0 31 13.65
2913 2 10 12 15 58 7.46 112.0 32 48.94 -70.0 26 22.21 0.0 31 3.33
2914 2 10 13 0 18 7.46 -62.0 39 42.62 -0.0 6 46.61 0.0 30 53.52
2915 2 10 13 8 38 7.46 47.0 33 3.30 17.0 7 35.36 0.0 30 44.04
2916 2 10 13 16 58 7.46 151.0 24 8.09 -79.0 59 13.27 0.0 30 34.82
2917 2 10 14 1 18 7.46 -54.0 21 50.29 10.0 13 8.48 0.0 30 26.20
2918 2 10 14 9 38 7.46 56.0 42 32.19 7.0 26 51.52 0.0 30 17.91
2919 2 10 14 17 58 7.46 -135.0 17 25.78 -78.0 5 30.12 0.0 30 9.98
2920 2 10 15 2 18 7.46 -44.0 39 2.39 19.0 19 56.54 0.0 30 2.69
2921 2 10 15 10 38 7.46 64.0 23 26.11 -3.0 5 38.59 0.0 29 55.74
2922 2 10 15 18 58 7.46 -107.0 7 39.42 -67.0 43 11.89 0.0 29 49.23
2923 2 10 16 3 18 7.46 -33.0 7 11.22 26.0 47 9.53 0.0 29 43.37
2924 2 10 16 11 38 7.46 71.0 6 18.44 -14.0 11 0.20 0.0 29 37.85
2925 2 10 16 19 58 7.46 -95.0 11 26.46 -56.0 4 5.06 0.0 29 32.85
2926 2 10 17 4 18 7.46 -19.0 37 27.41 32.0 1 8.30 0.0 29 28.49
2927 2 10 17 12 38 7.46 77.0 18 8.63 -25.0 37 9.79 0.0 29 24.49
2928 2 10 17 20 58 7.46 -87.0 22 43.24 -44.0 15 39.30 0.0 29 21.05
2929 2 10 18 5 18 7.46 -4.0 36 25.55 34.0 28 4.33 0.0 29 18.25
2930 2 10 18 13 38 7.46 83.0 26 51.42 -37.0 16 1.31 0.0 29 15.80
2931 2 10 18 21 58 7.46 -80.0 55 3.62 -32.0 32 53.17 0.0 29 13.97
2932 2 10 19 6 18 7.46 10.0 46 37.66 33.0 48 48.65 0.0 29 12.74
2933 2 10 19 14 38 7.46 90.0 11 57.07 -49.0 1 1.22 0.0 29 11.88
2934 2 10 19 22 58 7.46 -74.0 48 13.89 -21.0 2 53.05 0.0 29 11.67
2935 2 10 20 7 18 7.46 25.0 9 55.09 30.0 10 48.74 0.0 29 12.03
2936 2 10 20 15 38 7.46 98.0 56 20.76 -60.0 43 37.90 0.0 29 12.77
2937 2 10 20 23 58 7.46 -68.0 29 32.13 -9.0 52 7.53 0.0 29 14.19
2938 2 10 21 8 18 7.46 37.0 43 9.14 24.0 3 37.27 0.0 29 16.13
2939 2 10 21 16 38 7.46 114.0 6 54.03 -72.0 0 49.48 0.0 29 18.48
2940 2 10 22 0 58 7.46 -61.0 33 22.73 0.0 50 52.81 0.0 29 21.51
2941 2 10 22 9 18 7.46 48.0 18 53.13 16.0 3 15.83 0.0 29 25.02
2942 2 10 22 17 38 7.46 157.0 4 40.68 -80.0 38 10.64 0.0 29 28.96
2943 2 10 23 1 58 7.46 -53.0 33 47.34 10.0 53 22.47 0.0 29 33.58
2944 2 10 23 10 18 7.46 57.0 15 10.57 6.0 40 42.52 0.0 29 38.63
2945 2 10 23 18 38 7.46 -132.0 13 17.47 -77.0 30 26.25 0.0 29 44.12
2946 2 10 24 2 58 7.46 -44.0 1 42.70 19.0 55 38.61 0.0 29 50.29
2948 2 10 24 19 38 7.46 -106.0 38 41.74 -66.0 53 31.74 0.0 30 3.82
2949 2 10 25 3 58 7.46 -32.0 27 46.78 27.0 27 59.29 0.0 30 11.46
2950 2 10 25 12 18 7.46 71.0 53 16.51 -14.0 47 22.79 0.0 30 19.41
2951 2 10 25 20 38 7.46 -95.0 13 39.28 -55.0 0 5.64 0.0 30 27.82
2952 2 10 26 4 58 7.46 -18.0 35 58.76 32.0 49 38.49 0.0 30 36.82
2953 2 10 26 13 18 7.46 78.0 27 9.15 -26.0 26 31.43 0.0 30 46.06
2954 2 10 26 21 38 7.46 -87.0 28 44.01 -42.0 47 7.19 0.0 30 55.77
2955 2 10 27 5 58 7.46 -2.0 50 16.21 35.0 15 30.53 0.0 31 5.98
2956 2 10 27 14 18 7.46 85.0 10 51.55 -38.0 30 33.41 0.0 31 16.36
2957 2 10 27 22 38 7.46 -80.0 52 4.51 -30.0 29 12.17 0.0 31 27.19
2958 2 10 28 6 58 7.46 13.0 29 45.40 34.0 15 4.46 0.0 31 38.41
2959 2 10 28 15 18 7.46 92.0 56 41.47 -50.0 51 10.48 0.0 31 49.72
2960 2 10 28 23 38 7.46 -74.0 24 36.37 -18.0 15 8.87 0.0 32 1.42
2961 2 10 29 7 58 7.46 28.0 44 19.12 29.0 51 1.21 0.0 32 13.38
2962 2 10 29 16 18 7.46 103.0 54 14.93 -63.0 14 1.84 0.0 32 25.33
2963 2 10 30 0 38 7.46 -67.0 30 19.60 -6.0 14 47.81 0.0 32 37.61
2964 2 10 30 8 58 7.46 41.0 53 22.57 22.0 35 46.46 0.0 32 49.96
2965 2 10 30 17 18 7.46 126.0 23 26.74 -74.0 48 11.85 0.0 33 2.20
2966 2 10 31 1 38 7.46 -59.0 36 49.53 5.0 17 32.73 0.0 33 14.65
2967 2 10 31 9 58 7.46 52.0 51 33.22 13.0 11 10.91 0.0 33 26.97
2968 2 10 31 18 18 7.46 -168.0 51 38.45 -80.0 2 6.19 0.0 33 39.07
2969 2 11 1 2 38 7.46 -50.0 7 30.82 15.0 59 20.72 0.0 33 51.22
2970 2 11 1 10 58 7.46 62.0 3 43.72 2.0 13 30.43 0.0 34 3.03
2971 2 11 1 19 18 7.46 -118.0 1 41.59 -71.0 34 2.42 0.0 34 14.48
2972 2 11 2 3 38 7.46 -38.0 20 39.30 25.0 14 55.17 0.0 34 25.81
2973 2 11 2 11 58 7.46 70.0 2 52.31 -9.0 50 14.06 0.0 34 36.55
2974 2 11 2 20 18 7.46 -100.0 17 13.30 -58.0 57 4.80 0.0 34 46.82
2975 2 11 3 4 38 7.46 -23.0 42 32.90 32.0 11 21.58 0.0 34 56.76
2976 2 11 3 12 58 7.46 77.0 22 35.69 -22.0 40 21.84 0.0 35 5.88
2977 2 11 3 21 18 7.46 -90.0 17 19.10 -45.0 33 52.99 0.0 35 14.41
2978 2 11 4 5 38 7.46 -6.0 26 29.92 35.0 44 15.33 0.0 35 22.39
2979 2 11 4 13 58 7.46 84.0 40 54.99 -36.0 1 25.71 0.0 35 29.37
2980 2 11 4 22 18 7.46 -82.0 28 36.20 -32.0 1 54.25 0.0 35 35.66
2981 2 11 5 6 38 7.46 11.0 48 2.72 35.0 5 47.72 0.0 35 41.20
2982 2 11 5 14 58 7.46 92.0 57 52.97 -49.0 38 40.92 0.0 35 45.60
2983 2 11 5 23 18 7.46 -75.0 9 39.39 -18.0 38 40.55 0.0 35 49.25
2984 2 11 6 7 38 7.46 28.0 39 29.96 30.0 19 35.62 0.0 35 51.99
2985 2 11 6 15 58 7.46 104.0 42 37.10 -63.0 10 42.77 0.0 35 53.52
2986 2 11 7 0 18 7.46 -67.0 29 59.46 -5.0 40 22.26 0.0 35 54.30
2987 2 11 7 8 38 7.46 42.0 46 23.80 22.0 16 49.62 0.0 35 54.05
2988 2 11 7 16 58 7.46 130.0 8 22.41 -75.0 29 31.78 0.0 35 52.63
2989 2 11 8 1 18 7.46 -58.0 50 36.48 6.0 32 57.85 0.0 35 50.48
2990 2 11 8 9 38 7.46 54.0 9 48.40 12.0 0 7.41 0.0 35 47.28
2991 2 11 8 17 58 7.46 -158.0 17 48.53 -79.0 25 20.17 0.0 35 43.01
2992 2 11 9 2 18 7.46 -48.0 32 12.49 17.0 33 36.17 0.0 35 38.09
2993 2 11 9 10 38 7.46 63.0 28 29.07 0.0 19 48.49 0.0 35 32.15
2994 2 11 9 18 58 7.46 -113.0 49 47.49 -69.0 29 11.21 0.0 35 25.34
2995 2 11 10 3 18 7.46 -35.0 55 42.84 26.0 42 20.43 0.0 35 17.98
2996 2 11 10 11 38 7.46 71.0 25 44.91 -12.0 9 28.93 0.0 35 9.71
2997 2 11 10 19 58 7.46 -98.0 5 49.74 -56.0 29 25.34 0.0 35 0.79
2998 2 11 11 4 18 7.46 -20.0 40 18.83 33.0 7 47.48 0.0 34 51.46
2999 2 11 11 12 38 7.46 78.0 41 23.96 -25.0 4 38.67 0.0 34 41.36
3000 2 11 11 20 58 7.46 -88.0 49 52.52 -43.0 9 57.60 0.0 34 30.86
3001 2 11 12 5 18 7.46 -3.0 21 41.53 35.0 57 49.52 0.0 34 20.09
3002 2 11 12 13 38 7.46 85.0 57 24.29 -38.0 9 26.94 0.0 34 8.74
3003 2 11 12 21 58 7.46 -81.0 28 43.07 -30.0 1 8.54 0.0 33 57.22
3004 2 11 13 6 18 7.46 14.0 11 11.09 34.0 47 48.89 0.0 33 45.56
3005 2 11 13 14 38 7.46 94.0 17 1.64 -51.0 10 4.94 0.0 33 33.51
3007 2 11 14 7 18 7.46 29.0 58 56.00 30.0 0 46.66 0.0 33 9.49
3008 2 11 14 15 38 7.46 106.0 9 20.94 -63.0 47 4.95 0.0 32 57.26
3009 2 11 14 23 58 7.46 -67.0 31 18.82 -5.0 4 40.53 0.0 32 45.27
3010 2 11 15 8 18 7.46 43.0 8 31.88 22.0 30 53.00 0.0 32 33.34
3011 2 11 15 16 38 7.46 130.0 38 10.47 -74.0 58 35.00 0.0 32 21.39
3012 2 11 16 0 58 7.46 -59.0 40 41.59 6.0 20 42.11 0.0 32 9.82
3013 2 11 16 9 18 7.46 53.0 51 31.40 13.0 12 41.97 0.0 31 58.38
3014 2 11 16 17 38 7.46 -167.0 12 8.12 -79.0 11 30.56 0.0 31 47.08
3015 2 11 17 1 58 7.46 -50.0 33 37.62 16.0 43 40.27 0.0 31 36.26
